Kp, Ki, Kd, episode, score 
1.1, 0.5, 0.01, 0, -477.61119853354353 
1.1, 0.5, 0.01, 1, -473.2998297062712 
1.1, 0.5, 0.011, 2, -468.87035560302814 
1.1, 0.5, 0.011, 3, -472.0693135782834 
1.2000000000000002, 0.5, 0.011, 4, -459.44653481893454 
1.3000000000000003, 0.5, 0.011, 5, -445.9536665436538 
1.3000000000000003, 0.6, 0.011, 6, -455.1990012099663 
1.3000000000000003, 0.7, 0.011, 7, -445.48176259991396 
1.4000000000000004, 0.7, 0.011, 8, -431.00745249054575 
1.4000000000000004, 0.7, 0.012, 9, -429.65226294920507 
1.4000000000000004, 0.7999999999999999, 0.012, 10, -418.58661566505464 
1.4000000000000004, 0.7999999999999999, 0.013000000000000001, 11, -417.74785929095685 
1.4000000000000004, 0.7999999999999999, 0.013000000000000001, 12, -419.33771069066484 
1.4000000000000004, 0.7999999999999999, 0.014000000000000002, 13, -419.48100690121873 
1.5000000000000004, 0.7999999999999999, 0.014000000000000002, 14, -405.92684523984894 
1.5000000000000004, 0.7999999999999999, 0.014000000000000002, 15, -408.9335100599398 
1.5000000000000004, 0.7999999999999999, 0.015000000000000003, 16, -405.8820659028985 
1.5000000000000004, 0.7999999999999999, 0.015000000000000003, 17, -408.02177022729023 
1.5000000000000004, 0.7999999999999999, 0.015000000000000003, 18, -408.96635379608205 
1.5000000000000004, 0.8999999999999999, 0.015000000000000003, 19, -407.5385129946935 
1.5000000000000004, 0.9999999999999999, 0.015000000000000003, 20, -416.5645556002092 
1.5000000000000004, 0.9999999999999999, 0.016000000000000004, 21, -413.822307645607 
1.5000000000000004, 0.9999999999999999, 0.016000000000000004, 22, -412.7984198100361 
1.6000000000000005, 0.9999999999999999, 0.016000000000000004, 23, -401.58988665233636 
1.6000000000000005, 1.0999999999999999, 0.016000000000000004, 24, -408.17744881329435 
1.6000000000000005, 1.2, 0.016000000000000004, 25, -416.7851280923064 
1.6000000000000005, 1.2, 0.016000000000000004, 26, -411.21430929898673 
1.6000000000000005, 1.2, 0.017000000000000005, 27, -413.84143109819547 
1.6000000000000005, 1.3, 0.017000000000000005, 28, -411.4921978703852 
1.7000000000000006, 1.3, 0.017000000000000005, 29, -398.6600119175535 
1.7000000000000006, 1.3, 0.017000000000000005, 30, -402.0165042656192 
1.8000000000000007, 1.3, 0.017000000000000005, 31, -391.8802115258958 
1.8000000000000007, 1.3, 0.017000000000000005, 32, -389.00116682558894 
1.8000000000000007, 1.3, 0.017000000000000005, 33, -387.5958253899116 
1.9000000000000008, 1.3, 0.017000000000000005, 34, -379.64597185942165 
2.000000000000001, 1.3, 0.017000000000000005, 35, -371.96471625307896 
2.000000000000001, 1.3, 0.018000000000000006, 36, -369.5334414575038 
2.100000000000001, 1.3, 0.018000000000000006, 37, -360.99630720613703 
2.100000000000001, 1.4000000000000001, 0.018000000000000006, 38, -356.3237741448997 
2.100000000000001, 1.5000000000000002, 0.018000000000000006, 39, -350.47271248547224 
2.100000000000001, 1.5000000000000002, 0.018000000000000006, 40, -351.4749392624865 
2.100000000000001, 1.5000000000000002, 0.019000000000000006, 41, -353.55501579714263 
2.200000000000001, 1.5000000000000002, 0.019000000000000006, 42, -343.57930149430763 
2.300000000000001, 1.5000000000000002, 0.019000000000000006, 43, -338.7453374416099 
2.300000000000001, 1.5000000000000002, 0.020000000000000007, 44, -336.23668283485785 
2.300000000000001, 1.5000000000000002, 0.020000000000000007, 45, -336.9062012735072 
2.300000000000001, 1.5000000000000002, 0.021000000000000008, 46, -337.6163407963105 
2.300000000000001, 1.6000000000000003, 0.021000000000000008, 47, -334.281767959404 
2.300000000000001, 1.6000000000000003, 0.02200000000000001, 48, -333.8777308879201 
2.300000000000001, 1.7000000000000004, 0.02200000000000001, 49, -334.972314908545 
2.300000000000001, 1.7000000000000004, 0.02200000000000001, 50, -335.7089090798835 
2.300000000000001, 1.7000000000000004, 0.02200000000000001, 51, -337.2224494690156 
2.300000000000001, 1.8000000000000005, 0.02200000000000001, 52, -337.03460299150197 
2.300000000000001, 1.8000000000000005, 0.02300000000000001, 53, -336.56069600936775 
2.300000000000001, 1.8000000000000005, 0.02400000000000001, 54, -335.7016768286969 
2.4000000000000012, 1.8000000000000005, 0.02400000000000001, 55, -331.5831367622498 
2.4000000000000012, 1.8000000000000005, 0.02400000000000001, 56, -330.3807894788587 
2.5000000000000013, 1.8000000000000005, 0.02400000000000001, 57, -318.9604804676697 
2.5000000000000013, 1.8000000000000005, 0.025000000000000012, 58, -323.1340089132769 
2.5000000000000013, 1.8000000000000005, 0.026000000000000013, 59, -322.31684992649747 
2.5000000000000013, 1.9000000000000006, 0.026000000000000013, 60, -326.89632881432084 
2.6000000000000014, 1.9000000000000006, 0.026000000000000013, 61, -318.2393658376583 
2.6000000000000014, 2.0000000000000004, 0.026000000000000013, 62, -318.34055543455753 
2.7000000000000015, 2.0000000000000004, 0.026000000000000013, 63, -313.43306723548756 
2.7000000000000015, 2.0000000000000004, 0.026000000000000013, 64, -312.2689521319744 
2.8000000000000016, 2.0000000000000004, 0.026000000000000013, 65, -306.97911301943833 
2.9000000000000017, 2.0000000000000004, 0.026000000000000013, 66, -295.30863451439643 
2.9000000000000017, 2.1000000000000005, 0.026000000000000013, 67, -297.549793343662 
3.0000000000000018, 2.1000000000000005, 0.026000000000000013, 68, -290.90829940621984 
3.0000000000000018, 2.1000000000000005, 0.026000000000000013, 69, -292.6927049530172 
3.100000000000002, 2.1000000000000005, 0.026000000000000013, 70, -283.07799899585115 
3.100000000000002, 2.1000000000000005, 0.027000000000000014, 71, -283.072926914862 
3.100000000000002, 2.2000000000000006, 0.027000000000000014, 72, -284.7799803877426 
3.100000000000002, 2.2000000000000006, 0.028000000000000014, 73, -283.8991993918547 
3.200000000000002, 2.2000000000000006, 0.028000000000000014, 74, -278.69482903251145 
3.300000000000002, 2.2000000000000006, 0.028000000000000014, 75, -273.5755610586587 
3.400000000000002, 2.2000000000000006, 0.028000000000000014, 76, -262.7333073848089 
3.400000000000002, 2.2000000000000006, 0.029000000000000015, 77, -266.950268550744 
3.400000000000002, 2.3000000000000007, 0.029000000000000015, 78, -264.6269100282137 
3.400000000000002, 2.3000000000000007, 0.029000000000000015, 79, -269.17901648709284 
3.400000000000002, 2.3000000000000007, 0.030000000000000016, 80, -265.9067933082824 
3.400000000000002, 2.400000000000001, 0.030000000000000016, 81, -263.8658784709995 
3.400000000000002, 2.400000000000001, 0.030000000000000016, 82, -266.73168061476196 
3.500000000000002, 2.400000000000001, 0.030000000000000016, 83, -259.51379482759086 
3.500000000000002, 2.400000000000001, 0.030000000000000016, 84, -258.7276652169036 
3.500000000000002, 2.400000000000001, 0.031000000000000017, 85, -261.40793515430005 
3.500000000000002, 2.400000000000001, 0.032000000000000015, 86, -259.1497352139885 
3.500000000000002, 2.400000000000001, 0.032000000000000015, 87, -261.20561732608587 
3.500000000000002, 2.400000000000001, 0.032000000000000015, 88, -258.88977991711255 
3.6000000000000023, 2.400000000000001, 0.032000000000000015, 89, -256.29811557096053 
3.6000000000000023, 2.400000000000001, 0.032000000000000015, 90, -255.1595903036374 
3.6000000000000023, 2.500000000000001, 0.032000000000000015, 91, -254.02806708212844 
3.6000000000000023, 2.500000000000001, 0.033000000000000015, 92, -248.61838639168815 
3.6000000000000023, 2.500000000000001, 0.034000000000000016, 93, -251.3884698097294 
3.7000000000000024, 2.500000000000001, 0.034000000000000016, 94, -246.6731848452532 
3.7000000000000024, 2.500000000000001, 0.034000000000000016, 95, -248.45787303344707 
3.7000000000000024, 2.600000000000001, 0.034000000000000016, 96, -248.90959763906702 
3.7000000000000024, 2.600000000000001, 0.034000000000000016, 97, -246.9672575858015 
3.8000000000000025, 2.600000000000001, 0.034000000000000016, 98, -241.34619932840405 
3.9000000000000026, 2.600000000000001, 0.034000000000000016, 99, -238.2125641540027 
3.9000000000000026, 2.600000000000001, 0.034000000000000016, 100, -240.40408556502655 
3.9000000000000026, 2.600000000000001, 0.03500000000000002, 101, -239.02470231751514 
3.9000000000000026, 2.700000000000001, 0.03500000000000002, 102, -239.4795824696528 
4.000000000000003, 2.700000000000001, 0.03500000000000002, 103, -233.17174817961487 
4.000000000000003, 2.700000000000001, 0.03600000000000002, 104, -235.26291481716575 
4.000000000000003, 2.700000000000001, 0.03600000000000002, 105, -233.44658961731142 
4.000000000000003, 2.700000000000001, 0.03700000000000002, 106, -232.33556544802164 
4.100000000000002, 2.700000000000001, 0.03700000000000002, 107, -231.41137364112228 
4.100000000000002, 2.700000000000001, 0.03800000000000002, 108, -231.63111086007967 
4.100000000000002, 2.700000000000001, 0.03800000000000002, 109, -229.20265622837798 
4.100000000000002, 2.800000000000001, 0.03800000000000002, 110, -226.8425996193251 
4.100000000000002, 2.9000000000000012, 0.03800000000000002, 111, -227.76285745498998 
4.100000000000002, 2.9000000000000012, 0.03800000000000002, 112, -230.07272542730163 
4.100000000000002, 2.9000000000000012, 0.03800000000000002, 113, -232.10689779569233 
4.100000000000002, 2.9000000000000012, 0.03800000000000002, 114, -231.86899545880928 
4.100000000000002, 2.9000000000000012, 0.03900000000000002, 115, -230.32799870860194 
4.200000000000002, 2.9000000000000012, 0.03900000000000002, 116, -225.29433454930563 
4.200000000000002, 3.0000000000000013, 0.03900000000000002, 117, -962.7788381283948 
4.300000000000002, 3.0000000000000013, 0.03900000000000002, 118, -220.45475971795923 
4.300000000000002, 3.0000000000000013, 0.03900000000000002, 119, -220.97513284500423 
4.300000000000002, 3.0000000000000013, 0.03900000000000002, 120, -220.3527090470448 
4.300000000000002, 3.0000000000000013, 0.03900000000000002, 121, -220.35845323152313 
4.400000000000001, 3.0000000000000013, 0.03900000000000002, 122, -216.49509135318874 
4.400000000000001, 3.0000000000000013, 0.03900000000000002, 123, -216.5891991015737 
4.400000000000001, 3.1000000000000014, 0.03900000000000002, 124, -215.24162630910735 
4.400000000000001, 3.1000000000000014, 0.04000000000000002, 125, -217.4489175499339 
4.400000000000001, 3.2000000000000015, 0.04000000000000002, 126, -216.18752805494907 
4.400000000000001, 3.2000000000000015, 0.04000000000000002, 127, -217.310417421754 
4.400000000000001, 3.2000000000000015, 0.04000000000000002, 128, -219.65209494646547 
4.400000000000001, 3.2000000000000015, 0.04000000000000002, 129, -210.95158552359138 
4.400000000000001, 3.2000000000000015, 0.04000000000000002, 130, -224.5568133806776 
4.400000000000001, 3.2000000000000015, 0.04000000000000002, 131, -215.02356886124554 
4.400000000000001, 3.2000000000000015, 0.04100000000000002, 132, -218.1724440491683 
4.400000000000001, 3.2000000000000015, 0.04100000000000002, 133, -214.6881908628344 
4.400000000000001, 3.2000000000000015, 0.04100000000000002, 134, -221.6000976870872 
4.400000000000001, 3.3000000000000016, 0.04100000000000002, 135, -215.19136036588608 
4.400000000000001, 3.3000000000000016, 0.04100000000000002, 136, -217.14492416221623 
4.400000000000001, 3.4000000000000017, 0.04100000000000002, 137, -217.1610729590302 
4.500000000000001, 3.4000000000000017, 0.04100000000000002, 138, -213.6961109042848 
4.6000000000000005, 3.4000000000000017, 0.04100000000000002, 139, -206.352565539158 
4.6000000000000005, 3.5000000000000018, 0.04100000000000002, 140, -213.28333104264533 
4.6000000000000005, 3.5000000000000018, 0.04100000000000002, 141, -209.61889927545036 
4.7, 3.5000000000000018, 0.04100000000000002, 142, -202.66025843866413 
4.8, 3.5000000000000018, 0.04100000000000002, 143, -201.75995708945433 
4.8999999999999995, 3.5000000000000018, 0.04100000000000002, 144, -184.94662223538444 
4.999999999999999, 3.5000000000000018, 0.04100000000000002, 145, -182.12405081190633 
5.099999999999999, 3.5000000000000018, 0.04100000000000002, 146, -180.2036566706116 
5.099999999999999, 3.600000000000002, 0.04100000000000002, 147, -178.9030180042334 
5.099999999999999, 3.600000000000002, 0.04200000000000002, 148, -204.23916962385104 
5.099999999999999, 3.600000000000002, 0.043000000000000024, 149, -179.86230598204767 
5.099999999999999, 3.700000000000002, 0.043000000000000024, 150, -177.21729523472436 
5.099999999999999, 3.700000000000002, 0.044000000000000025, 151, -179.40054470418352 
5.099999999999999, 3.700000000000002, 0.044000000000000025, 152, -179.21138706231946 
5.099999999999999, 3.700000000000002, 0.044000000000000025, 153, -177.9618687119586 
5.199999999999998, 3.700000000000002, 0.044000000000000025, 154, -176.8008885655128 
5.199999999999998, 3.800000000000002, 0.044000000000000025, 155, -175.49006724610916 
5.199999999999998, 3.800000000000002, 0.044000000000000025, 156, -175.3017729069945 
5.199999999999998, 3.800000000000002, 0.044000000000000025, 157, -174.86145833242452 
5.199999999999998, 3.800000000000002, 0.044000000000000025, 158, -175.31154274282974 
5.199999999999998, 3.800000000000002, 0.044000000000000025, 159, -177.4058847405372 
5.199999999999998, 3.800000000000002, 0.044000000000000025, 160, -190.71460178723396 
5.199999999999998, 3.800000000000002, 0.044000000000000025, 161, -175.27658893530767 
5.199999999999998, 3.900000000000002, 0.044000000000000025, 162, -174.64394522673928 
5.199999999999998, 3.900000000000002, 0.045000000000000026, 163, -175.28357369374936 
5.199999999999998, 3.900000000000002, 0.045000000000000026, 164, -175.21240776147573 
5.299999999999998, 3.900000000000002, 0.045000000000000026, 165, -171.5839079663763 
5.399999999999998, 3.900000000000002, 0.045000000000000026, 166, -170.8321968336199 
5.399999999999998, 3.900000000000002, 0.04600000000000003, 167, -170.95360806785592 
5.399999999999998, 3.900000000000002, 0.04700000000000003, 168, -170.65750672478902 
5.399999999999998, 3.900000000000002, 0.04800000000000003, 169, -169.02589944807855 
5.399999999999998, 3.900000000000002, 0.04900000000000003, 170, -169.7008503419931 
5.399999999999998, 4.000000000000002, 0.04900000000000003, 171, -169.15454499039606 
5.399999999999998, 4.000000000000002, 0.04900000000000003, 172, -168.3436699376875 
5.399999999999998, 4.100000000000001, 0.04900000000000003, 173, -169.29764011958545 
5.399999999999998, 4.200000000000001, 0.04900000000000003, 174, -179.26691186300945 
5.499999999999997, 4.200000000000001, 0.04900000000000003, 175, -165.5784736015679 
5.499999999999997, 4.200000000000001, 0.04900000000000003, 176, -169.60869198317008 
5.499999999999997, 4.200000000000001, 0.05000000000000003, 177, -166.6909478554746 
5.499999999999997, 4.300000000000001, 0.05000000000000003, 178, -166.11802995100751 
5.499999999999997, 4.300000000000001, 0.05000000000000003, 179, -165.29379760864657 
5.599999999999997, 4.300000000000001, 0.05000000000000003, 180, -166.5046153074637 
5.599999999999997, 4.4, 0.05000000000000003, 181, -176.71970151206594 
5.699999999999997, 4.4, 0.05000000000000003, 182, -162.10111785820746 
5.799999999999996, 4.4, 0.05000000000000003, 183, -160.34893190971516 
5.799999999999996, 4.5, 0.05000000000000003, 184, -158.8590364445723 
5.799999999999996, 4.6, 0.05000000000000003, 185, -159.07517666419687 
5.799999999999996, 4.6, 0.05100000000000003, 186, -179.19111375664772 
5.799999999999996, 4.699999999999999, 0.05100000000000003, 187, -159.67791367217555 
5.799999999999996, 4.699999999999999, 0.05100000000000003, 188, -160.12624072060763 
5.799999999999996, 4.699999999999999, 0.05100000000000003, 189, -161.66538768849384 
5.799999999999996, 4.699999999999999, 0.05200000000000003, 190, -161.87039744383088 
5.899999999999996, 4.699999999999999, 0.05200000000000003, 191, -156.11657153330654 
5.899999999999996, 4.799999999999999, 0.05200000000000003, 192, -156.29541323217308 
5.999999999999996, 4.799999999999999, 0.05200000000000003, 193, -161.88038348543435 
6.099999999999995, 4.799999999999999, 0.05200000000000003, 194, -154.03956203683848 
6.199999999999995, 4.799999999999999, 0.05200000000000003, 195, -154.43922424449443 
6.199999999999995, 4.799999999999999, 0.05300000000000003, 196, -155.40418700426974 
6.199999999999995, 4.899999999999999, 0.05300000000000003, 197, -154.54648306404025 
6.199999999999995, 4.899999999999999, 0.054000000000000034, 198, -153.01454711015379 
6.199999999999995, 4.999999999999998, 0.054000000000000034, 199, -150.38228756970275 
6.199999999999995, 5.099999999999998, 0.054000000000000034, 200, -154.1932019045659 
6.199999999999995, 5.1999999999999975, 0.054000000000000034, 201, -154.93118601795237 
6.2999999999999945, 5.1999999999999975, 0.054000000000000034, 202, -158.501269778894 
6.2999999999999945, 5.299999999999997, 0.054000000000000034, 203, -151.26282333996616 
6.2999999999999945, 5.299999999999997, 0.054000000000000034, 204, -144.672016713854 
6.2999999999999945, 5.399999999999997, 0.054000000000000034, 205, -164.06720250816065 
6.2999999999999945, 5.4999999999999964, 0.054000000000000034, 206, -163.88183226830424 
6.2999999999999945, 5.4999999999999964, 0.054000000000000034, 207, -150.37421044068913 
6.2999999999999945, 5.599999999999996, 0.054000000000000034, 208, -163.8190854818124 
6.399999999999994, 5.599999999999996, 0.054000000000000034, 209, -151.2786122660813 
6.399999999999994, 5.699999999999996, 0.054000000000000034, 210, -152.28568684010904 
6.399999999999994, 5.799999999999995, 0.054000000000000034, 211, -158.73072574654034 
6.399999999999994, 5.799999999999995, 0.054000000000000034, 212, -156.64988463609072 
6.499999999999994, 5.799999999999995, 0.054000000000000034, 213, -162.1546499605743 
6.499999999999994, 5.799999999999995, 0.055000000000000035, 214, -170.3693916666394 
6.499999999999994, 5.899999999999995, 0.055000000000000035, 215, -157.98802001227511 
6.499999999999994, 5.899999999999995, 0.056000000000000036, 216, -152.86335670723622 
6.499999999999994, 5.999999999999995, 0.056000000000000036, 217, -159.82844067267146 
6.499999999999994, 6.099999999999994, 0.056000000000000036, 218, -159.96741815972243 
6.499999999999994, 6.099999999999994, 0.056000000000000036, 219, -161.7845007500763 
6.499999999999994, 6.099999999999994, 0.056000000000000036, 220, -160.23753897015652 
6.499999999999994, 6.099999999999994, 0.05700000000000004, 221, -159.76245772811416 
6.599999999999993, 6.099999999999994, 0.05700000000000004, 222, -156.9096785213647 
6.699999999999993, 6.099999999999994, 0.05700000000000004, 223, -155.4378530588019 
6.699999999999993, 6.099999999999994, 0.05800000000000004, 224, -147.12969387712886 
6.699999999999993, 6.099999999999994, 0.05800000000000004, 225, -157.20865815755522 
6.699999999999993, 6.199999999999994, 0.05800000000000004, 226, -156.40257021980815 
6.699999999999993, 6.299999999999994, 0.05800000000000004, 227, -157.98752733283067 
6.699999999999993, 6.399999999999993, 0.05800000000000004, 228, -158.5776675818706 
6.699999999999993, 6.499999999999993, 0.05800000000000004, 229, -153.5527792861913 
6.699999999999993, 6.5999999999999925, 0.05800000000000004, 230, -154.66136973910204 
6.699999999999993, 6.699999999999992, 0.05800000000000004, 231, -159.05929641923464 
6.699999999999993, 6.699999999999992, 0.05900000000000004, 232, -157.63001513695448 
6.799999999999993, 6.699999999999992, 0.05900000000000004, 233, -157.01552202780994 
6.899999999999992, 6.699999999999992, 0.05900000000000004, 234, -157.90447169388526 
6.999999999999992, 6.699999999999992, 0.05900000000000004, 235, -156.03540139198282 
6.999999999999992, 6.699999999999992, 0.05900000000000004, 236, -150.92183178315088 
6.999999999999992, 6.799999999999992, 0.05900000000000004, 237, -152.74649115256457 
6.999999999999992, 6.799999999999992, 0.06000000000000004, 238, -157.64367019055334 
6.999999999999992, 6.8999999999999915, 0.06000000000000004, 239, -145.43885340504 
6.999999999999992, 6.999999999999991, 0.06000000000000004, 240, -153.0991176530067 
6.999999999999992, 6.999999999999991, 0.06000000000000004, 241, -153.32980832551982 
7.099999999999992, 6.999999999999991, 0.06000000000000004, 242, -154.55511258716837 
7.099999999999992, 6.999999999999991, 0.06000000000000004, 243, -139.01230135428352 
7.099999999999992, 7.099999999999991, 0.06000000000000004, 244, -153.49868152021025 
7.099999999999992, 7.099999999999991, 0.06100000000000004, 245, -154.44277907783945 
7.099999999999992, 7.099999999999991, 0.06200000000000004, 246, -160.8632852709739 
7.099999999999992, 7.19999999999999, 0.06200000000000004, 247, -150.50239953637686 
7.099999999999992, 7.19999999999999, 0.06300000000000004, 248, -160.00806753895807 
7.099999999999992, 7.29999999999999, 0.06300000000000004, 249, -157.30693897630232 
7.099999999999992, 7.29999999999999, 0.06300000000000004, 250, -147.23417083194443 
7.099999999999992, 7.39999999999999, 0.06300000000000004, 251, -151.84697809810433 
7.099999999999992, 7.39999999999999, 0.06300000000000004, 252, -155.76096454353845 
7.099999999999992, 7.499999999999989, 0.06300000000000004, 253, -159.13093617433822 
7.099999999999992, 7.499999999999989, 0.06300000000000004, 254, -152.81573123234128 
7.099999999999992, 7.599999999999989, 0.06300000000000004, 255, -161.7857828918688 
7.199999999999991, 7.599999999999989, 0.06300000000000004, 256, -156.92367815902762 
7.199999999999991, 7.599999999999989, 0.06300000000000004, 257, -155.83862547787376 
7.199999999999991, 7.599999999999989, 0.06400000000000004, 258, -155.30950929081894 
7.199999999999991, 7.699999999999989, 0.06400000000000004, 259, -160.1314500471445 
7.199999999999991, 7.699999999999989, 0.06400000000000004, 260, -152.92951000270176 
7.199999999999991, 7.699999999999989, 0.06400000000000004, 261, -151.88685595361574 
7.199999999999991, 7.799999999999988, 0.06400000000000004, 262, -156.19831465695148 
7.199999999999991, 7.799999999999988, 0.06400000000000004, 263, -158.6164378590316 
7.199999999999991, 7.799999999999988, 0.06400000000000004, 264, -154.79732747413289 
7.299999999999991, 7.799999999999988, 0.06400000000000004, 265, -154.4812756742245 
7.299999999999991, 7.799999999999988, 0.06400000000000004, 266, -157.04828394627765 
7.299999999999991, 7.799999999999988, 0.06400000000000004, 267, -155.44457979767 
7.299999999999991, 7.799999999999988, 0.06500000000000004, 268, -155.14487588091956 
7.299999999999991, 7.799999999999988, 0.06500000000000004, 269, -149.91716302042633 
7.299999999999991, 7.799999999999988, 0.06600000000000004, 270, -151.3020064404409 
7.299999999999991, 7.799999999999988, 0.06600000000000004, 271, -150.10408619300296 
7.299999999999991, 7.899999999999988, 0.06600000000000004, 272, -141.60345453926735 
7.299999999999991, 7.899999999999988, 0.06600000000000004, 273, -152.95895086565932 
7.299999999999991, 7.999999999999988, 0.06600000000000004, 274, -160.41427188833367 
7.299999999999991, 8.099999999999987, 0.06600000000000004, 275, -154.80166580018573 
7.399999999999991, 8.099999999999987, 0.06600000000000004, 276, -155.24492939949428 
7.399999999999991, 8.099999999999987, 0.06600000000000004, 277, -156.553619385348 
7.399999999999991, 8.199999999999987, 0.06600000000000004, 278, -149.24716336251643 
7.399999999999991, 8.299999999999986, 0.06600000000000004, 279, -158.33225764196604 
7.49999999999999, 8.299999999999986, 0.06600000000000004, 280, -150.36163671344232 
7.49999999999999, 8.299999999999986, 0.06600000000000004, 281, -150.30823121405402 
7.49999999999999, 8.299999999999986, 0.06600000000000004, 282, -161.34985869788184 
7.49999999999999, 8.299999999999986, 0.06600000000000004, 283, -147.16565687674353 
7.49999999999999, 8.299999999999986, 0.06600000000000004, 284, -148.65083551318273 
7.59999999999999, 8.299999999999986, 0.06600000000000004, 285, -146.5051880889308 
7.6999999999999895, 8.299999999999986, 0.06600000000000004, 286, -147.2868560368703 
7.6999999999999895, 8.299999999999986, 0.06600000000000004, 287, -146.1955250741546 
7.799999999999989, 8.299999999999986, 0.06600000000000004, 288, -143.75368967704617 
7.799999999999989, 8.299999999999986, 0.06600000000000004, 289, -145.6580513314942 
7.899999999999989, 8.299999999999986, 0.06600000000000004, 290, -144.6980014786197 
7.9999999999999885, 8.299999999999986, 0.06600000000000004, 291, -144.76623311159096 
7.9999999999999885, 8.299999999999986, 0.06700000000000005, 292, -146.2766338343504 
7.9999999999999885, 8.299999999999986, 0.06800000000000005, 293, -142.99854344174298 
7.9999999999999885, 8.399999999999986, 0.06800000000000005, 294, -142.70196919392978 
7.9999999999999885, 8.399999999999986, 0.06900000000000005, 295, -142.0360447941991 
7.9999999999999885, 8.399999999999986, 0.06900000000000005, 296, -137.54782174204107 
7.9999999999999885, 8.399999999999986, 0.06900000000000005, 297, -136.20258168917164 
7.9999999999999885, 8.499999999999986, 0.06900000000000005, 298, -151.98119890534323 
7.9999999999999885, 8.499999999999986, 0.07000000000000005, 299, -149.08467289462587 
7.9999999999999885, 8.499999999999986, 0.07100000000000005, 300, -139.53280769253692 
7.9999999999999885, 8.499999999999986, 0.07100000000000005, 301, -148.25298055534947 
7.9999999999999885, 8.499999999999986, 0.07100000000000005, 302, -137.87363662071257 
7.9999999999999885, 8.499999999999986, 0.07200000000000005, 303, -152.430132921913 
8.099999999999989, 8.499999999999986, 0.07200000000000005, 304, -148.8761394434103 
8.199999999999989, 8.499999999999986, 0.07200000000000005, 305, -137.70394953969983 
8.199999999999989, 8.499999999999986, 0.07200000000000005, 306, -136.7734402947636 
8.299999999999988, 8.499999999999986, 0.07200000000000005, 307, -137.62168403063131 
8.299999999999988, 8.499999999999986, 0.07200000000000005, 308, -136.85786398026792 
8.299999999999988, 8.499999999999986, 0.07300000000000005, 309, -129.40075724416548 
8.399999999999988, 8.499999999999986, 0.07300000000000005, 310, -133.4558428642014 
8.399999999999988, 8.599999999999985, 0.07300000000000005, 311, -131.63029565753993 
8.399999999999988, 8.699999999999985, 0.07300000000000005, 312, -133.27183419864434 
8.399999999999988, 8.699999999999985, 0.07300000000000005, 313, -131.1125102449143 
8.399999999999988, 8.699999999999985, 0.07400000000000005, 314, -132.40098790295207 
8.399999999999988, 8.799999999999985, 0.07400000000000005, 315, -130.13861294233965 
8.399999999999988, 8.799999999999985, 0.07500000000000005, 316, -142.49038784327604 
8.399999999999988, 8.799999999999985, 0.07500000000000005, 317, -150.5252769508313 
8.399999999999988, 8.899999999999984, 0.07500000000000005, 318, -144.6335077874009 
8.499999999999988, 8.899999999999984, 0.07500000000000005, 319, -145.720591348141 
8.499999999999988, 8.899999999999984, 0.07500000000000005, 320, -133.58691342447952 
8.599999999999987, 8.899999999999984, 0.07500000000000005, 321, -133.67952056179254 
8.699999999999987, 8.899999999999984, 0.07500000000000005, 322, -138.02951555073102 
8.799999999999986, 8.899999999999984, 0.07500000000000005, 323, -130.55175786178174 
8.799999999999986, 8.899999999999984, 0.07500000000000005, 324, -131.59305733479678 
8.799999999999986, 8.899999999999984, 0.07500000000000005, 325, -130.04563680922777 
8.799999999999986, 8.899999999999984, 0.07500000000000005, 326, -135.94104024865183 
8.899999999999986, 8.899999999999984, 0.07500000000000005, 327, -127.78198748949981 
8.899999999999986, 8.999999999999984, 0.07500000000000005, 328, -128.34841706896563 
8.999999999999986, 8.999999999999984, 0.07500000000000005, 329, -127.1010318227688 
8.999999999999986, 8.999999999999984, 0.07500000000000005, 330, -128.91417158464145 
8.999999999999986, 8.999999999999984, 0.07500000000000005, 331, -136.0836555632304 
8.999999999999986, 9.099999999999984, 0.07500000000000005, 332, -128.71171672404685 
9.099999999999985, 9.099999999999984, 0.07500000000000005, 333, -127.29521297877076 
9.099999999999985, 9.099999999999984, 0.07600000000000005, 334, -129.2968985548887 
9.199999999999985, 9.099999999999984, 0.07600000000000005, 335, -126.66332925621742 
9.199999999999985, 9.099999999999984, 0.07600000000000005, 336, -126.91174907847622 
9.299999999999985, 9.099999999999984, 0.07600000000000005, 337, -128.71726304366007 
9.299999999999985, 9.099999999999984, 0.07600000000000005, 338, -126.86907121522142 
9.299999999999985, 9.099999999999984, 0.07600000000000005, 339, -130.30320742609086 
9.299999999999985, 9.099999999999984, 0.07700000000000005, 340, -126.6144724101999 
9.299999999999985, 9.099999999999984, 0.07800000000000006, 341, -127.17083328171246 
9.299999999999985, 9.099999999999984, 0.07800000000000006, 342, -128.44912929843696 
9.299999999999985, 9.199999999999983, 0.07800000000000006, 343, -131.37751405984 
9.399999999999984, 9.199999999999983, 0.07800000000000006, 344, -134.060593824953 
9.399999999999984, 9.199999999999983, 0.07800000000000006, 345, -124.86293896602783 
9.499999999999984, 9.199999999999983, 0.07800000000000006, 346, -124.50588288105239 
9.499999999999984, 9.199999999999983, 0.07800000000000006, 347, -124.7202366282363 
9.499999999999984, 9.199999999999983, 0.07900000000000006, 348, -128.2320259504154 
9.499999999999984, 9.199999999999983, 0.08000000000000006, 349, -126.83192167206629 
9.599999999999984, 9.199999999999983, 0.08000000000000006, 350, -125.19461475131988 
9.699999999999983, 9.199999999999983, 0.08000000000000006, 351, -128.45386488713342 
9.699999999999983, 9.199999999999983, 0.08000000000000006, 352, -122.83789635885239 
9.699999999999983, 9.199999999999983, 0.08100000000000006, 353, -123.03254378987498 
9.699999999999983, 9.199999999999983, 0.08200000000000006, 354, -127.39202214311645 
9.799999999999983, 9.199999999999983, 0.08200000000000006, 355, -134.62039938260233 
9.799999999999983, 9.299999999999983, 0.08200000000000006, 356, -127.60950930192199 
9.799999999999983, 9.299999999999983, 0.08200000000000006, 357, -125.86872538814372 
9.799999999999983, 9.299999999999983, 0.08300000000000006, 358, -119.70243812258715 
9.899999999999983, 9.299999999999983, 0.08300000000000006, 359, -117.39831270647427 
9.999999999999982, 9.299999999999983, 0.08300000000000006, 360, -124.50297046909859 
9.999999999999982, 9.299999999999983, 0.08300000000000006, 361, -128.83122855645738 
9.999999999999982, 9.399999999999983, 0.08300000000000006, 362, -123.424700098186 
9.999999999999982, 9.399999999999983, 0.08300000000000006, 363, -119.69689032414405 
9.999999999999982, 9.499999999999982, 0.08300000000000006, 364, -124.81535031347491 
10.099999999999982, 9.499999999999982, 0.08300000000000006, 365, -119.33501060108937 
10.199999999999982, 9.499999999999982, 0.08300000000000006, 366, -123.04133398593466 
10.199999999999982, 9.499999999999982, 0.08400000000000006, 367, -122.05395818349521 
10.199999999999982, 9.499999999999982, 0.08500000000000006, 368, -122.73134244859183 
10.199999999999982, 9.499999999999982, 0.08600000000000006, 369, -126.08150437167228 
10.199999999999982, 9.499999999999982, 0.08600000000000006, 370, -124.73313153410898 
10.199999999999982, 9.499999999999982, 0.08600000000000006, 371, -123.54325945611396 
10.199999999999982, 9.599999999999982, 0.08600000000000006, 372, -122.72193929811176 
10.299999999999981, 9.599999999999982, 0.08600000000000006, 373, -125.13540671348406 
10.39999999999998, 9.599999999999982, 0.08600000000000006, 374, -122.9014044937311 
10.39999999999998, 9.599999999999982, 0.08600000000000006, 375, -122.95087777697276 
10.39999999999998, 9.599999999999982, 0.08600000000000006, 376, -123.97699067280597 
10.39999999999998, 9.599999999999982, 0.08600000000000006, 377, -127.1710243339318 
10.39999999999998, 9.599999999999982, 0.08700000000000006, 378, -122.40620313717761 
10.49999999999998, 9.599999999999982, 0.08700000000000006, 379, -120.99713389732483 
10.49999999999998, 9.599999999999982, 0.08800000000000006, 380, -124.82931253762389 
10.49999999999998, 9.599999999999982, 0.08800000000000006, 381, -117.97735048128764 
10.49999999999998, 9.599999999999982, 0.08900000000000007, 382, -119.74698266934108 
10.59999999999998, 9.599999999999982, 0.08900000000000007, 383, -119.09325794927747 
10.59999999999998, 9.599999999999982, 0.09000000000000007, 384, -118.50509031874978 
10.59999999999998, 9.599999999999982, 0.09000000000000007, 385, -123.04484794520724 
10.59999999999998, 9.599999999999982, 0.09000000000000007, 386, -119.76909813756343 
10.69999999999998, 9.599999999999982, 0.09000000000000007, 387, -119.86207055745606 
10.79999999999998, 9.599999999999982, 0.09000000000000007, 388, -119.34762345615243 
10.79999999999998, 9.599999999999982, 0.09100000000000007, 389, -118.72429677011938 
10.899999999999979, 9.599999999999982, 0.09100000000000007, 390, -119.75498888142549 
10.899999999999979, 9.599999999999982, 0.09100000000000007, 391, -114.96291433397148 
10.899999999999979, 9.699999999999982, 0.09100000000000007, 392, -118.53260990563962 
10.999999999999979, 9.699999999999982, 0.09100000000000007, 393, -118.23150913403026 
10.999999999999979, 9.799999999999981, 0.09100000000000007, 394, -117.16180269050267 
10.999999999999979, 9.799999999999981, 0.09100000000000007, 395, -124.36717194649917 
10.999999999999979, 9.799999999999981, 0.09100000000000007, 396, -117.35826289465517 
10.999999999999979, 9.799999999999981, 0.09100000000000007, 397, -118.23963932938865 
11.099999999999978, 9.799999999999981, 0.09100000000000007, 398, -122.06480326452713 
11.099999999999978, 9.799999999999981, 0.09200000000000007, 399, -118.58673574606053 
11.099999999999978, 9.799999999999981, 0.09200000000000007, 400, -114.04415001361167 
11.099999999999978, 9.799999999999981, 0.09300000000000007, 401, -120.46877988909955 
11.099999999999978, 9.89999999999998, 0.09300000000000007, 402, -116.41567028192068 
11.099999999999978, 9.89999999999998, 0.09400000000000007, 403, -118.99654283444562 
11.099999999999978, 9.89999999999998, 0.09500000000000007, 404, -118.1015518991402 
11.099999999999978, 9.99999999999998, 0.09500000000000007, 405, -120.309677939147 
11.199999999999978, 9.99999999999998, 0.09500000000000007, 406, -116.26389120735222 
11.199999999999978, 9.99999999999998, 0.09500000000000007, 407, -117.68964411595677 
11.299999999999978, 9.99999999999998, 0.09500000000000007, 408, -120.90640296641534 
11.299999999999978, 9.99999999999998, 0.09500000000000007, 409, -118.76675255279 
11.299999999999978, 10.09999999999998, 0.09500000000000007, 410, -120.15215223268635 
11.299999999999978, 10.09999999999998, 0.09500000000000007, 411, -118.9637691981507 
11.399999999999977, 10.09999999999998, 0.09500000000000007, 412, -125.89783610687371 
11.399999999999977, 10.19999999999998, 0.09500000000000007, 413, -119.69915181125495 
11.499999999999977, 10.19999999999998, 0.09500000000000007, 414, -117.29552743073262 
11.499999999999977, 10.29999999999998, 0.09500000000000007, 415, -118.86577770830252 
11.499999999999977, 10.29999999999998, 0.09600000000000007, 416, -115.34071333780966 
11.599999999999977, 10.29999999999998, 0.09600000000000007, 417, -117.71440637558136 
11.599999999999977, 10.399999999999979, 0.09600000000000007, 418, -115.35460883600871 
11.599999999999977, 10.499999999999979, 0.09600000000000007, 419, -117.82375142078489 
11.599999999999977, 10.499999999999979, 0.09700000000000007, 420, -118.25513065851999 
11.599999999999977, 10.499999999999979, 0.09700000000000007, 421, -117.70778685968473 
11.599999999999977, 10.599999999999978, 0.09700000000000007, 422, -119.49800118129563 
11.599999999999977, 10.599999999999978, 0.09700000000000007, 423, -117.67443313555474 
11.699999999999976, 10.599999999999978, 0.09700000000000007, 424, -117.22727446996224 
11.699999999999976, 10.599999999999978, 0.09800000000000007, 425, -116.06322496622938 
11.699999999999976, 10.699999999999978, 0.09800000000000007, 426, -116.60001730388441 
11.699999999999976, 10.699999999999978, 0.09800000000000007, 427, -113.08674905148465 
11.699999999999976, 10.699999999999978, 0.09800000000000007, 428, -118.13429202467798 
11.699999999999976, 10.699999999999978, 0.09900000000000007, 429, -116.85914318872415 
11.699999999999976, 10.799999999999978, 0.09900000000000007, 430, -116.60035654656534 
11.799999999999976, 10.799999999999978, 0.09900000000000007, 431, -112.93413781342281 
11.799999999999976, 10.799999999999978, 0.09900000000000007, 432, -114.27320258850375 
11.799999999999976, 10.899999999999977, 0.09900000000000007, 433, -115.20181025043645 
11.799999999999976, 10.999999999999977, 0.09900000000000007, 434, -117.67222338955624 
11.799999999999976, 11.099999999999977, 0.09900000000000007, 435, -114.54009172114503 
11.799999999999976, 11.099999999999977, 0.10000000000000007, 436, -116.89068410814052 
11.899999999999975, 11.099999999999977, 0.10000000000000007, 437, -117.45315656293471 
11.899999999999975, 11.099999999999977, 0.10000000000000007, 438, -112.48303717363954 
11.899999999999975, 11.199999999999976, 0.10000000000000007, 439, -113.63772421195033 
11.999999999999975, 11.199999999999976, 0.10000000000000007, 440, -117.94464419700358 
12.099999999999975, 11.199999999999976, 0.10000000000000007, 441, -117.17069054037752 
12.099999999999975, 11.199999999999976, 0.10000000000000007, 442, -114.64187978050329 
12.099999999999975, 11.299999999999976, 0.10000000000000007, 443, -115.6678866463708 
12.099999999999975, 11.399999999999975, 0.10000000000000007, 444, -113.36093380453744 
12.099999999999975, 11.399999999999975, 0.10100000000000008, 445, -115.51565848498352 
12.099999999999975, 11.399999999999975, 0.10200000000000008, 446, -116.4680278125868 
12.199999999999974, 11.399999999999975, 0.10200000000000008, 447, -113.87239103990399 
12.199999999999974, 11.399999999999975, 0.10200000000000008, 448, -119.13148534564709 
12.299999999999974, 11.399999999999975, 0.10200000000000008, 449, -112.85108844231749 
12.299999999999974, 11.399999999999975, 0.10300000000000008, 450, -112.80873809560707 
12.399999999999974, 11.399999999999975, 0.10300000000000008, 451, -114.10271384984824 
12.499999999999973, 11.399999999999975, 0.10300000000000008, 452, -112.37277948309834 
12.599999999999973, 11.399999999999975, 0.10300000000000008, 453, -110.40673028361196 
12.599999999999973, 11.399999999999975, 0.10400000000000008, 454, -118.69034078904033 
12.599999999999973, 11.499999999999975, 0.10400000000000008, 455, -114.3508388774509 
12.699999999999973, 11.499999999999975, 0.10400000000000008, 456, -108.78910767285562 
12.699999999999973, 11.599999999999975, 0.10400000000000008, 457, -113.60255108744335 
12.699999999999973, 11.599999999999975, 0.10400000000000008, 458, -109.42711480486112 
12.699999999999973, 11.599999999999975, 0.10400000000000008, 459, -110.54389774156283 
12.699999999999973, 11.599999999999975, 0.10500000000000008, 460, -114.07708345976404 
12.699999999999973, 11.699999999999974, 0.10500000000000008, 461, -112.74209682421449 
12.699999999999973, 11.699999999999974, 0.10600000000000008, 462, -113.38041999233106 
12.699999999999973, 11.699999999999974, 0.10600000000000008, 463, -112.12311345994749 
12.699999999999973, 11.699999999999974, 0.10600000000000008, 464, -111.78027625273825 
12.699999999999973, 11.699999999999974, 0.10600000000000008, 465, -116.3727692630422 
12.799999999999972, 11.699999999999974, 0.10600000000000008, 466, -112.41410874617938 
12.799999999999972, 11.799999999999974, 0.10600000000000008, 467, -116.5737315201815 
12.799999999999972, 11.799999999999974, 0.10700000000000008, 468, -114.79119496808917 
12.799999999999972, 11.899999999999974, 0.10700000000000008, 469, -112.46156381586152 
12.899999999999972, 11.899999999999974, 0.10700000000000008, 470, -111.06067826080476 
12.899999999999972, 11.899999999999974, 0.10700000000000008, 471, -114.2588206159725 
12.899999999999972, 11.899999999999974, 0.10700000000000008, 472, -110.05104485114158 
12.899999999999972, 11.899999999999974, 0.10800000000000008, 473, -114.85310512192571 
12.899999999999972, 11.899999999999974, 0.10900000000000008, 474, -119.2540392082325 
12.999999999999972, 11.899999999999974, 0.10900000000000008, 475, -114.13582142223339 
12.999999999999972, 11.899999999999974, 0.11000000000000008, 476, -110.52947361102143 
12.999999999999972, 11.899999999999974, 0.11000000000000008, 477, -115.70573122575914 
12.999999999999972, 11.899999999999974, 0.11000000000000008, 478, -112.2067549131268 
12.999999999999972, 11.999999999999973, 0.11000000000000008, 479, -114.01872495891439 
12.999999999999972, 12.099999999999973, 0.11000000000000008, 480, -110.6574442258502 
12.999999999999972, 12.099999999999973, 0.11100000000000008, 481, -118.39348974350902 
12.999999999999972, 12.099999999999973, 0.11200000000000009, 482, -109.10957884691953 
12.999999999999972, 12.099999999999973, 0.11200000000000009, 483, -115.38227213717401 
12.999999999999972, 12.199999999999973, 0.11200000000000009, 484, -118.44529210638623 
12.999999999999972, 12.299999999999972, 0.11200000000000009, 485, -113.48797758336626 
12.999999999999972, 12.299999999999972, 0.11200000000000009, 486, -116.16681081395846 
12.999999999999972, 12.299999999999972, 0.11200000000000009, 487, -113.83066696758333 
12.999999999999972, 12.399999999999972, 0.11200000000000009, 488, -120.27356265339907 
12.999999999999972, 12.499999999999972, 0.11200000000000009, 489, -121.21096585658486 
12.999999999999972, 12.499999999999972, 0.11300000000000009, 490, -119.03095953445451 
13.099999999999971, 12.499999999999972, 0.11300000000000009, 491, -116.29498283413186 
13.099999999999971, 12.499999999999972, 0.11300000000000009, 492, -114.05574955287561 
13.099999999999971, 12.599999999999971, 0.11300000000000009, 493, -116.95345699666996 
13.099999999999971, 12.599999999999971, 0.11300000000000009, 494, -115.68702100096988 
13.099999999999971, 12.69999999999997, 0.11300000000000009, 495, -117.99835286052974 
13.099999999999971, 12.69999999999997, 0.11300000000000009, 496, -114.53174042687978 
13.19999999999997, 12.69999999999997, 0.11300000000000009, 497, -115.64467238175078 
13.19999999999997, 12.69999999999997, 0.11300000000000009, 498, -116.67524155363783 
13.19999999999997, 12.79999999999997, 0.11300000000000009, 499, -115.13608568212469 
13.19999999999997, 12.79999999999997, 0.11400000000000009, 500, -116.35008617179024 
13.19999999999997, 12.79999999999997, 0.11500000000000009, 501, -115.84876376823017 
13.19999999999997, 12.79999999999997, 0.11500000000000009, 502, -117.35654908472075 
13.19999999999997, 12.79999999999997, 0.11500000000000009, 503, -116.02283846436237 
13.19999999999997, 12.89999999999997, 0.11500000000000009, 504, -111.54976818231786 
13.19999999999997, 12.89999999999997, 0.11500000000000009, 505, -118.21135167284643 
13.19999999999997, 12.99999999999997, 0.11500000000000009, 506, -120.97439107270276 
13.19999999999997, 12.99999999999997, 0.11600000000000009, 507, -115.80451120519633 
13.19999999999997, 12.99999999999997, 0.11600000000000009, 508, -117.58553376245631 
13.29999999999997, 12.99999999999997, 0.11600000000000009, 509, -114.21476706692275 
13.29999999999997, 12.99999999999997, 0.11700000000000009, 510, -114.35772252534898 
13.29999999999997, 13.09999999999997, 0.11700000000000009, 511, -109.81350015071091 
13.29999999999997, 13.199999999999969, 0.11700000000000009, 512, -111.64885180415857 
13.39999999999997, 13.199999999999969, 0.11700000000000009, 513, -113.86096386256727 
13.39999999999997, 13.199999999999969, 0.11800000000000009, 514, -110.49777929521113 
13.39999999999997, 13.199999999999969, 0.11800000000000009, 515, -112.90327693048052 
13.39999999999997, 13.199999999999969, 0.11800000000000009, 516, -115.81027203552127 
13.39999999999997, 13.299999999999969, 0.11800000000000009, 517, -112.50870055774257 
13.49999999999997, 13.299999999999969, 0.11800000000000009, 518, -114.07096607800312 
13.49999999999997, 13.299999999999969, 0.11900000000000009, 519, -113.39738577347428 
13.49999999999997, 13.299999999999969, 0.11900000000000009, 520, -117.37184898636481 
13.59999999999997, 13.299999999999969, 0.11900000000000009, 521, -117.92728300121432 
13.59999999999997, 13.299999999999969, 0.12000000000000009, 522, -111.69493019855574 
13.699999999999969, 13.299999999999969, 0.12000000000000009, 523, -112.04709724291234 
13.799999999999969, 13.299999999999969, 0.12000000000000009, 524, -112.87669169740569 
13.799999999999969, 13.399999999999968, 0.12000000000000009, 525, -115.57333297443364 
13.799999999999969, 13.399999999999968, 0.12000000000000009, 526, -113.17715361748569 
13.799999999999969, 13.399999999999968, 0.12000000000000009, 527, -123.19022287391658 
13.799999999999969, 13.499999999999968, 0.12000000000000009, 528, -113.91735036329061 
13.899999999999968, 13.499999999999968, 0.12000000000000009, 529, -111.23982361019961 
13.999999999999968, 13.499999999999968, 0.12000000000000009, 530, -114.4616345697311 
13.999999999999968, 13.499999999999968, 0.1210000000000001, 531, -114.83122668952532 
13.999999999999968, 13.599999999999968, 0.1210000000000001, 532, -108.64916456262107 
13.999999999999968, 13.599999999999968, 0.1210000000000001, 533, -108.94816481943094 
14.099999999999968, 13.599999999999968, 0.1210000000000001, 534, -117.1897388525154 
14.099999999999968, 13.599999999999968, 0.1220000000000001, 535, -113.88914553493909 
14.099999999999968, 13.599999999999968, 0.1230000000000001, 536, -109.2336822015315 
14.099999999999968, 13.699999999999967, 0.1230000000000001, 537, -110.24284171962323 
14.199999999999967, 13.699999999999967, 0.1230000000000001, 538, -108.65884942970722 
14.199999999999967, 13.799999999999967, 0.1230000000000001, 539, -111.8923435780852 
14.299999999999967, 13.799999999999967, 0.1230000000000001, 540, -115.24333834989605 
14.299999999999967, 13.799999999999967, 0.1230000000000001, 541, -110.41262166244081 
14.299999999999967, 13.799999999999967, 0.1240000000000001, 542, -112.72672527287222 
14.299999999999967, 13.799999999999967, 0.1240000000000001, 543, -107.70880237579262 
14.299999999999967, 13.899999999999967, 0.1240000000000001, 544, -114.98115428580482 
14.299999999999967, 13.899999999999967, 0.1240000000000001, 545, -113.7654976406306 
14.299999999999967, 13.999999999999966, 0.1240000000000001, 546, -121.80150058795562 
14.299999999999967, 13.999999999999966, 0.12500000000000008, 547, -111.91244753456066 
14.299999999999967, 13.999999999999966, 0.12600000000000008, 548, -121.00837580962542 
14.299999999999967, 13.999999999999966, 0.12600000000000008, 549, -111.99619814022073 
14.399999999999967, 13.999999999999966, 0.12600000000000008, 550, -108.73396386568446 
14.399999999999967, 13.999999999999966, 0.12700000000000009, 551, -107.38153589581626 
14.499999999999966, 13.999999999999966, 0.12700000000000009, 552, -110.91627622477903 
14.599999999999966, 13.999999999999966, 0.12700000000000009, 553, -111.07648235442845 
14.699999999999966, 13.999999999999966, 0.12700000000000009, 554, -114.8594799322206 
14.799999999999965, 13.999999999999966, 0.12700000000000009, 555, -110.61923430887016 
14.799999999999965, 14.099999999999966, 0.12700000000000009, 556, -110.39117207519303 
14.799999999999965, 14.199999999999966, 0.12700000000000009, 557, -112.16321507800482 
14.799999999999965, 14.199999999999966, 0.12700000000000009, 558, -108.14037813628613 
14.899999999999965, 14.199999999999966, 0.12700000000000009, 559, -108.631077343263 
14.999999999999964, 14.199999999999966, 0.12700000000000009, 560, -112.52118311917742 
14.999999999999964, 14.199999999999966, 0.12700000000000009, 561, -108.57027012418463 
14.999999999999964, 14.199999999999966, 0.12800000000000009, 562, -106.40391221689931 
14.999999999999964, 14.199999999999966, 0.1290000000000001, 563, -108.22443408046341 
15.099999999999964, 14.199999999999966, 0.1290000000000001, 564, -111.55364114682277 
15.099999999999964, 14.199999999999966, 0.1300000000000001, 565, -106.32715565350041 
15.099999999999964, 14.199999999999966, 0.1300000000000001, 566, -107.86500616073216 
15.099999999999964, 14.199999999999966, 0.1300000000000001, 567, -107.55757035504067 
15.199999999999964, 14.199999999999966, 0.1300000000000001, 568, -104.39557409065054 
15.199999999999964, 14.299999999999965, 0.1300000000000001, 569, -111.05048289771506 
15.199999999999964, 14.299999999999965, 0.1310000000000001, 570, -107.06847488380882 
15.199999999999964, 14.299999999999965, 0.1310000000000001, 571, -109.55773497374777 
15.199999999999964, 14.299999999999965, 0.1310000000000001, 572, -111.00540230435922 
15.199999999999964, 14.399999999999965, 0.1310000000000001, 573, -110.67471617813503 
15.299999999999963, 14.399999999999965, 0.1310000000000001, 574, -108.12854782858312 
15.399999999999963, 14.399999999999965, 0.1310000000000001, 575, -107.99515146545372 
15.499999999999963, 14.399999999999965, 0.1310000000000001, 576, -104.86811645828709 
15.599999999999962, 14.399999999999965, 0.1310000000000001, 577, -103.97771945031307 
15.599999999999962, 14.399999999999965, 0.1320000000000001, 578, -105.22100579041565 
15.599999999999962, 14.399999999999965, 0.1330000000000001, 579, -112.80524805398436 
15.599999999999962, 14.399999999999965, 0.1340000000000001, 580, -108.7863768882918 
15.599999999999962, 14.399999999999965, 0.1350000000000001, 581, -112.13736872879971 
15.699999999999962, 14.399999999999965, 0.1350000000000001, 582, -111.59357216055245 
15.699999999999962, 14.399999999999965, 0.1350000000000001, 583, -107.0688748874857 
15.699999999999962, 14.399999999999965, 0.1360000000000001, 584, -108.90641460906154 
15.699999999999962, 14.399999999999965, 0.1370000000000001, 585, -110.8009808131224 
15.799999999999962, 14.399999999999965, 0.1370000000000001, 586, -106.16300743336468 
15.799999999999962, 14.399999999999965, 0.1370000000000001, 587, -112.47765819641577 
15.799999999999962, 14.399999999999965, 0.1380000000000001, 588, -108.90422940713783 
15.799999999999962, 14.399999999999965, 0.1380000000000001, 589, -114.16669273655877 
15.799999999999962, 14.399999999999965, 0.1390000000000001, 590, -103.73732679975187 
15.799999999999962, 14.399999999999965, 0.1400000000000001, 591, -105.91724327953355 
15.799999999999962, 14.499999999999964, 0.1400000000000001, 592, -113.5668955601118 
15.899999999999961, 14.499999999999964, 0.1400000000000001, 593, -110.50617898520713 
15.999999999999961, 14.499999999999964, 0.1400000000000001, 594, -107.38900013046202 
15.999999999999961, 14.499999999999964, 0.1400000000000001, 595, -110.73400596474553 
15.999999999999961, 14.499999999999964, 0.1410000000000001, 596, -106.30328699134668 
15.999999999999961, 14.499999999999964, 0.1420000000000001, 597, -106.62814987200325 
15.999999999999961, 14.599999999999964, 0.1420000000000001, 598, -112.04772541321297 
15.999999999999961, 14.699999999999964, 0.1420000000000001, 599, -108.76256330463897 
15.999999999999961, 14.699999999999964, 0.1420000000000001, 600, -112.33214117602209 
15.999999999999961, 14.699999999999964, 0.1420000000000001, 601, -110.88873790702729 
15.999999999999961, 14.699999999999964, 0.1430000000000001, 602, -117.59154891461426 
16.099999999999962, 14.699999999999964, 0.1430000000000001, 603, -110.8106519703217 
16.099999999999962, 14.699999999999964, 0.1440000000000001, 604, -108.07855305875194 
16.099999999999962, 14.699999999999964, 0.1450000000000001, 605, -109.91471057037108 
16.199999999999964, 14.699999999999964, 0.1450000000000001, 606, -103.34528434646161 
16.199999999999964, 14.699999999999964, 0.1450000000000001, 607, -105.14280763974662 
16.299999999999965, 14.699999999999964, 0.1450000000000001, 608, -103.81443443975878 
16.299999999999965, 14.799999999999963, 0.1450000000000001, 609, -107.65044002415215 
16.299999999999965, 14.899999999999963, 0.1450000000000001, 610, -108.49773642385055 
16.399999999999967, 14.899999999999963, 0.1450000000000001, 611, -106.74923535562282 
16.399999999999967, 14.899999999999963, 0.1450000000000001, 612, -109.86618101732947 
16.399999999999967, 14.899999999999963, 0.1450000000000001, 613, -107.25355377713643 
16.399999999999967, 14.899999999999963, 0.1460000000000001, 614, -107.03242497252073 
16.499999999999968, 14.899999999999963, 0.1460000000000001, 615, -106.84762503986238 
16.499999999999968, 14.899999999999963, 0.1460000000000001, 616, -108.89357896373355 
16.499999999999968, 14.899999999999963, 0.1470000000000001, 617, -115.45992422852376 
16.499999999999968, 14.899999999999963, 0.1470000000000001, 618, -110.54810678890324 
16.499999999999968, 14.899999999999963, 0.1470000000000001, 619, -106.59751401271764 
16.59999999999997, 14.899999999999963, 0.1470000000000001, 620, -106.44940658320368 
16.59999999999997, 14.899999999999963, 0.1470000000000001, 621, -107.60285229406841 
16.59999999999997, 14.899999999999963, 0.1480000000000001, 622, -104.89626563375928 
16.59999999999997, 14.999999999999963, 0.1480000000000001, 623, -100.86113855786422 
16.69999999999997, 14.999999999999963, 0.1480000000000001, 624, -109.09118132597665 
16.69999999999997, 14.999999999999963, 0.1480000000000001, 625, -101.62187123626776 
16.69999999999997, 14.999999999999963, 0.1490000000000001, 626, -106.85467378767926 
16.69999999999997, 15.099999999999962, 0.1490000000000001, 627, -113.58785985017384 
16.69999999999997, 15.199999999999962, 0.1490000000000001, 628, -102.8980511690764 
16.799999999999972, 15.199999999999962, 0.1490000000000001, 629, -103.51638830143764 
16.799999999999972, 15.199999999999962, 0.1490000000000001, 630, -106.01996346022922 
16.799999999999972, 15.199999999999962, 0.1490000000000001, 631, -105.65489099485028 
16.899999999999974, 15.199999999999962, 0.1490000000000001, 632, -106.30337978825654 
16.899999999999974, 15.299999999999962, 0.1490000000000001, 633, -102.7565010272875 
16.899999999999974, 15.299999999999962, 0.1500000000000001, 634, -107.28561818033118 
16.899999999999974, 15.299999999999962, 0.1510000000000001, 635, -108.24397007612828 
16.899999999999974, 15.299999999999962, 0.1520000000000001, 636, -102.87540181313028 
16.899999999999974, 15.299999999999962, 0.1530000000000001, 637, -107.35743156573092 
16.899999999999974, 15.299999999999962, 0.1540000000000001, 638, -106.33995667148923 
16.899999999999974, 15.299999999999962, 0.1550000000000001, 639, -107.4261747261792 
16.899999999999974, 15.399999999999961, 0.1550000000000001, 640, -106.73024976935227 
16.899999999999974, 15.399999999999961, 0.1550000000000001, 641, -105.2399364922776 
16.899999999999974, 15.399999999999961, 0.1560000000000001, 642, -103.06781728844143 
16.899999999999974, 15.399999999999961, 0.1570000000000001, 643, -105.89201700401985 
16.999999999999975, 15.399999999999961, 0.1570000000000001, 644, -104.88597406545554 
17.099999999999977, 15.399999999999961, 0.1570000000000001, 645, -109.08189121282776 
17.199999999999978, 15.399999999999961, 0.1570000000000001, 646, -103.98562138851796 
17.199999999999978, 15.399999999999961, 0.1580000000000001, 647, -106.49785368653222 
17.199999999999978, 15.399999999999961, 0.1580000000000001, 648, -100.73272805764384 
17.199999999999978, 15.499999999999961, 0.1580000000000001, 649, -108.26964574678823 
17.199999999999978, 15.499999999999961, 0.1580000000000001, 650, -100.1120352068756 
17.29999999999998, 15.499999999999961, 0.1580000000000001, 651, -103.73194013629224 
17.29999999999998, 15.499999999999961, 0.1590000000000001, 652, -107.68279319072687 
17.39999999999998, 15.499999999999961, 0.1590000000000001, 653, -97.74531532452791 
17.39999999999998, 15.59999999999996, 0.1590000000000001, 654, -102.30675703472033 
17.39999999999998, 15.59999999999996, 0.16000000000000011, 655, -108.71969909482549 
17.39999999999998, 15.59999999999996, 0.16000000000000011, 656, -102.62055385345462 
17.39999999999998, 15.69999999999996, 0.16000000000000011, 657, -105.16091477075759 
17.39999999999998, 15.79999999999996, 0.16000000000000011, 658, -105.27409407552899 
17.39999999999998, 15.79999999999996, 0.16100000000000012, 659, -101.61651659119569 
17.39999999999998, 15.89999999999996, 0.16100000000000012, 660, -100.40448600728155 
17.499999999999982, 15.89999999999996, 0.16100000000000012, 661, -106.43809568975287 
17.499999999999982, 15.99999999999996, 0.16100000000000012, 662, -105.12473266123382 
17.499999999999982, 15.99999999999996, 0.16100000000000012, 663, -102.27720152321845 
17.599999999999984, 15.99999999999996, 0.16100000000000012, 664, -104.98940534134306 
17.599999999999984, 15.99999999999996, 0.16200000000000012, 665, -111.96905077309887 
17.699999999999985, 15.99999999999996, 0.16200000000000012, 666, -104.98139323557457 
17.699999999999985, 15.99999999999996, 0.16200000000000012, 667, -107.48304021965264 
17.699999999999985, 16.09999999999996, 0.16200000000000012, 668, -101.3518582137656 
17.799999999999986, 16.09999999999996, 0.16200000000000012, 669, -105.20077358499435 
17.799999999999986, 16.09999999999996, 0.16200000000000012, 670, -110.28259381457774 
17.899999999999988, 16.09999999999996, 0.16200000000000012, 671, -104.25642585563303 
17.99999999999999, 16.09999999999996, 0.16200000000000012, 672, -101.48779018053004 
18.09999999999999, 16.09999999999996, 0.16200000000000012, 673, -104.09864034196613 
18.199999999999992, 16.09999999999996, 0.16200000000000012, 674, -98.87094849862068 
18.299999999999994, 16.09999999999996, 0.16200000000000012, 675, -101.51018000365632 
18.399999999999995, 16.09999999999996, 0.16200000000000012, 676, -100.42520721444632 
18.499999999999996, 16.09999999999996, 0.16200000000000012, 677, -99.29079243999824 
18.499999999999996, 16.09999999999996, 0.16300000000000012, 678, -99.44752761444713 
18.499999999999996, 16.09999999999996, 0.16300000000000012, 679, -99.94710342505374 
18.499999999999996, 16.19999999999996, 0.16300000000000012, 680, -105.90619166629732 
18.599999999999998, 16.19999999999996, 0.16300000000000012, 681, -102.56675170002244 
18.599999999999998, 16.29999999999996, 0.16300000000000012, 682, -106.0400315448433 
18.599999999999998, 16.29999999999996, 0.16300000000000012, 683, -102.28478779713444 
18.599999999999998, 16.29999999999996, 0.16300000000000012, 684, -101.50571566847444 
18.599999999999998, 16.29999999999996, 0.16300000000000012, 685, -101.98538802191665 
18.599999999999998, 16.29999999999996, 0.16400000000000012, 686, -105.68949427028362 
18.7, 16.29999999999996, 0.16400000000000012, 687, -107.69340870639437 
18.7, 16.29999999999996, 0.16500000000000012, 688, -100.54709349854782 
18.7, 16.29999999999996, 0.16600000000000012, 689, -101.5952616439787 
18.7, 16.29999999999996, 0.16600000000000012, 690, -103.19946029057562 
18.7, 16.29999999999996, 0.16600000000000012, 691, -104.7391869942765 
18.7, 16.29999999999996, 0.16700000000000012, 692, -105.42481158940866 
18.7, 16.399999999999963, 0.16700000000000012, 693, -99.04356464615223 
18.8, 16.399999999999963, 0.16700000000000012, 694, -102.45303866321835 
18.900000000000002, 16.399999999999963, 0.16700000000000012, 695, -98.86077700644698 
18.900000000000002, 16.499999999999964, 0.16700000000000012, 696, -103.88052463067233 
18.900000000000002, 16.499999999999964, 0.16700000000000012, 697, -99.2990530625951 
18.900000000000002, 16.499999999999964, 0.16700000000000012, 698, -104.23263193697711 
18.900000000000002, 16.499999999999964, 0.16700000000000012, 699, -99.18543577259516 
18.900000000000002, 16.499999999999964, 0.16800000000000012, 700, -104.6330225558843 
18.900000000000002, 16.499999999999964, 0.16900000000000012, 701, -111.06737001664769 
18.900000000000002, 16.599999999999966, 0.16900000000000012, 702, -103.9258137480952 
18.900000000000002, 16.599999999999966, 0.17000000000000012, 703, -105.20497774739987 
18.900000000000002, 16.599999999999966, 0.17000000000000012, 704, -101.114212129068 
18.900000000000002, 16.699999999999967, 0.17000000000000012, 705, -101.65834675807278 
18.900000000000002, 16.699999999999967, 0.17100000000000012, 706, -100.62117900334616 
18.900000000000002, 16.699999999999967, 0.17100000000000012, 707, -100.84926347516294 
18.900000000000002, 16.699999999999967, 0.17100000000000012, 708, -103.55548336632489 
19.000000000000004, 16.699999999999967, 0.17100000000000012, 709, -104.27968701812804 
19.000000000000004, 16.699999999999967, 0.17100000000000012, 710, -102.14745874292777 
19.100000000000005, 16.699999999999967, 0.17100000000000012, 711, -105.37471119868779 
19.100000000000005, 16.699999999999967, 0.17200000000000013, 712, -99.50569983978836 
19.100000000000005, 16.699999999999967, 0.17200000000000013, 713, -102.57261577024572 
19.100000000000005, 16.699999999999967, 0.17200000000000013, 714, -103.14831056888768 
19.100000000000005, 16.79999999999997, 0.17200000000000013, 715, -105.31552576557074 
19.100000000000005, 16.79999999999997, 0.17300000000000013, 716, -100.03292717399003 
19.100000000000005, 16.79999999999997, 0.17300000000000013, 717, -103.36712278363086 
19.200000000000006, 16.79999999999997, 0.17300000000000013, 718, -100.41102713142938 
19.200000000000006, 16.79999999999997, 0.17400000000000013, 719, -104.36562867484383 
19.300000000000008, 16.79999999999997, 0.17400000000000013, 720, -102.9815656649067 
19.300000000000008, 16.79999999999997, 0.17400000000000013, 721, -106.87761978519993 
19.40000000000001, 16.79999999999997, 0.17400000000000013, 722, -104.43565558088395 
19.40000000000001, 16.79999999999997, 0.17500000000000013, 723, -101.3139123417045 
19.40000000000001, 16.79999999999997, 0.17600000000000013, 724, -103.45264455166422 
19.40000000000001, 16.79999999999997, 0.17700000000000013, 725, -99.331012173743 
19.40000000000001, 16.89999999999997, 0.17700000000000013, 726, -105.71602276851355 
19.40000000000001, 16.89999999999997, 0.17700000000000013, 727, -99.38575212327214 
19.50000000000001, 16.89999999999997, 0.17700000000000013, 728, -104.33300673679824 
19.600000000000012, 16.89999999999997, 0.17700000000000013, 729, -104.61213509190986 
19.600000000000012, 16.89999999999997, 0.17800000000000013, 730, -102.40224968348085 
19.600000000000012, 16.89999999999997, 0.17900000000000013, 731, -98.66475004631165 
19.600000000000012, 16.89999999999997, 0.18000000000000013, 732, -102.90880544177412 
19.600000000000012, 16.89999999999997, 0.18100000000000013, 733, -99.75933293579526 
19.600000000000012, 16.89999999999997, 0.18200000000000013, 734, -101.17890701913412 
19.600000000000012, 16.89999999999997, 0.18200000000000013, 735, -101.4631316754242 
19.600000000000012, 16.89999999999997, 0.18300000000000013, 736, -99.41915688945605 
19.600000000000012, 16.89999999999997, 0.18300000000000013, 737, -100.16908565826567 
19.600000000000012, 16.99999999999997, 0.18300000000000013, 738, -99.54166884563071 
19.700000000000014, 16.99999999999997, 0.18300000000000013, 739, -101.04789849498736 
19.700000000000014, 17.099999999999973, 0.18300000000000013, 740, -99.66673758317623 
19.800000000000015, 17.099999999999973, 0.18300000000000013, 741, -98.36041523148279 
19.900000000000016, 17.099999999999973, 0.18300000000000013, 742, -102.32419463367077 
19.900000000000016, 17.099999999999973, 0.18400000000000014, 743, -101.7615031227549 
20.000000000000018, 17.099999999999973, 0.18400000000000014, 744, -101.60958370363308 
20.000000000000018, 17.099999999999973, 0.18400000000000014, 745, -98.6859178968407 
20.000000000000018, 17.099999999999973, 0.18500000000000014, 746, -97.64378030769385 
20.000000000000018, 17.099999999999973, 0.18500000000000014, 747, -99.5332485432178 
20.000000000000018, 17.099999999999973, 0.18600000000000014, 748, -97.8397797176013 
20.000000000000018, 17.199999999999974, 0.18600000000000014, 749, -97.96617958098608 
20.10000000000002, 17.199999999999974, 0.18600000000000014, 750, -99.87046923326389 
20.20000000000002, 17.199999999999974, 0.18600000000000014, 751, -97.5885737315548 
20.20000000000002, 17.199999999999974, 0.18700000000000014, 752, -107.81764266145835 
20.300000000000022, 17.199999999999974, 0.18700000000000014, 753, -99.76881015946927 
20.300000000000022, 17.199999999999974, 0.18700000000000014, 754, -99.94742288508911 
20.300000000000022, 17.299999999999976, 0.18700000000000014, 755, -95.11130128915877 
20.300000000000022, 17.299999999999976, 0.18700000000000014, 756, -100.11166326328005 
20.400000000000023, 17.299999999999976, 0.18700000000000014, 757, -99.1920031134644 
20.400000000000023, 17.299999999999976, 0.18800000000000014, 758, -104.38272547842737 
20.400000000000023, 17.299999999999976, 0.18800000000000014, 759, -98.34232875226019 
20.400000000000023, 17.299999999999976, 0.18800000000000014, 760, -96.8644552674285 
20.400000000000023, 17.399999999999977, 0.18800000000000014, 761, -101.87782299787122 
20.400000000000023, 17.399999999999977, 0.18900000000000014, 762, -98.01289850356225 
20.400000000000023, 17.399999999999977, 0.19000000000000014, 763, -102.57116084307671 
20.400000000000023, 17.399999999999977, 0.19100000000000014, 764, -104.33368798686736 
20.500000000000025, 17.399999999999977, 0.19100000000000014, 765, -101.17284184557317 
20.500000000000025, 17.399999999999977, 0.19200000000000014, 766, -95.88701833860631 
20.500000000000025, 17.399999999999977, 0.19300000000000014, 767, -99.56981852030535 
20.500000000000025, 17.49999999999998, 0.19300000000000014, 768, -102.85693156774697 
20.600000000000026, 17.49999999999998, 0.19300000000000014, 769, -99.64352877648338 
20.600000000000026, 17.49999999999998, 0.19300000000000014, 770, -98.39086682211526 
20.700000000000028, 17.49999999999998, 0.19300000000000014, 771, -99.28831012409869 
20.700000000000028, 17.49999999999998, 0.19400000000000014, 772, -99.81652637855491 
20.700000000000028, 17.59999999999998, 0.19400000000000014, 773, -99.60370902021461 
20.700000000000028, 17.59999999999998, 0.19500000000000015, 774, -101.70327254960297 
20.80000000000003, 17.59999999999998, 0.19500000000000015, 775, -99.57781415326315 
20.80000000000003, 17.59999999999998, 0.19600000000000015, 776, -96.76403568914895 
20.80000000000003, 17.59999999999998, 0.19600000000000015, 777, -101.11719265945574 
20.80000000000003, 17.59999999999998, 0.19700000000000015, 778, -96.93648427644382 
20.80000000000003, 17.59999999999998, 0.19800000000000015, 779, -99.9950330871 
20.80000000000003, 17.59999999999998, 0.19900000000000015, 780, -99.99301153708879 
20.80000000000003, 17.69999999999998, 0.19900000000000015, 781, -100.0687397253297 
20.80000000000003, 17.69999999999998, 0.20000000000000015, 782, -101.2364153740428 
20.90000000000003, 17.69999999999998, 0.20000000000000015, 783, -94.81162636383604 
21.000000000000032, 17.69999999999998, 0.20000000000000015, 784, -98.18203702601103 
21.100000000000033, 17.69999999999998, 0.20000000000000015, 785, -95.40747997476177 
21.100000000000033, 17.69999999999998, 0.20100000000000015, 786, -96.47857710535747 
21.200000000000035, 17.69999999999998, 0.20100000000000015, 787, -97.46097829543521 
21.200000000000035, 17.799999999999983, 0.20100000000000015, 788, -90.13551182543601 
21.200000000000035, 17.899999999999984, 0.20100000000000015, 789, -96.35236215125408 
21.200000000000035, 17.899999999999984, 0.20100000000000015, 790, -100.07161084380103 
21.200000000000035, 17.999999999999986, 0.20100000000000015, 791, -103.32754311441363 
21.200000000000035, 18.099999999999987, 0.20100000000000015, 792, -95.30637394923033 
21.200000000000035, 18.099999999999987, 0.20100000000000015, 793, -102.68595434300731 
21.200000000000035, 18.099999999999987, 0.20200000000000015, 794, -96.63039035746587 
21.300000000000036, 18.099999999999987, 0.20200000000000015, 795, -101.00758656735657 
21.300000000000036, 18.19999999999999, 0.20200000000000015, 796, -96.94189195913492 
21.300000000000036, 18.19999999999999, 0.20200000000000015, 797, -94.48711327275372 
21.300000000000036, 18.19999999999999, 0.20300000000000015, 798, -103.64975745745402 
21.300000000000036, 18.29999999999999, 0.20300000000000015, 799, -97.80558468840083 
21.300000000000036, 18.29999999999999, 0.20300000000000015, 800, -96.02350625725279 
21.300000000000036, 18.29999999999999, 0.20400000000000015, 801, -96.67194555490934 
21.300000000000036, 18.29999999999999, 0.20400000000000015, 802, -94.45882563380393 
21.300000000000036, 18.39999999999999, 0.20400000000000015, 803, -97.65181724997139 
21.400000000000038, 18.39999999999999, 0.20400000000000015, 804, -101.2182500286839 
21.400000000000038, 18.39999999999999, 0.20400000000000015, 805, -102.8176277426481 
21.50000000000004, 18.39999999999999, 0.20400000000000015, 806, -98.0647392407029 
21.60000000000004, 18.39999999999999, 0.20400000000000015, 807, -97.57336157732465 
21.60000000000004, 18.39999999999999, 0.20400000000000015, 808, -101.78366055206567 
21.60000000000004, 18.499999999999993, 0.20400000000000015, 809, -103.5067463810802 
21.700000000000042, 18.499999999999993, 0.20400000000000015, 810, -90.72238546128276 
21.700000000000042, 18.599999999999994, 0.20400000000000015, 811, -90.06998483874932 
21.700000000000042, 18.599999999999994, 0.20400000000000015, 812, -90.95779575885892 
21.800000000000043, 18.599999999999994, 0.20400000000000015, 813, -96.50413874382284 
21.800000000000043, 18.599999999999994, 0.20500000000000015, 814, -92.9079177813076 
21.900000000000045, 18.599999999999994, 0.20500000000000015, 815, -95.26262128667703 
22.000000000000046, 18.599999999999994, 0.20500000000000015, 816, -99.13138473438634 
22.100000000000048, 18.599999999999994, 0.20500000000000015, 817, -97.4532013585147 
22.20000000000005, 18.599999999999994, 0.20500000000000015, 818, -91.89429287005342 
22.20000000000005, 18.599999999999994, 0.20600000000000016, 819, -89.73773698131036 
22.20000000000005, 18.599999999999994, 0.20700000000000016, 820, -95.66439168429709 
22.20000000000005, 18.599999999999994, 0.20800000000000016, 821, -93.58427527870397 
22.20000000000005, 18.599999999999994, 0.20900000000000016, 822, -98.03079203142481 
22.30000000000005, 18.599999999999994, 0.20900000000000016, 823, -97.1536578526649 
22.30000000000005, 18.699999999999996, 0.20900000000000016, 824, -99.5681982072687 
22.30000000000005, 18.799999999999997, 0.20900000000000016, 825, -95.08455820361111 
22.30000000000005, 18.799999999999997, 0.20900000000000016, 826, -95.66808490825342 
22.30000000000005, 18.799999999999997, 0.20900000000000016, 827, -91.69257030807266 
22.30000000000005, 18.799999999999997, 0.20900000000000016, 828, -92.7930887349281 
22.30000000000005, 18.799999999999997, 0.21000000000000016, 829, -90.99654016074449 
22.30000000000005, 18.9, 0.21000000000000016, 830, -87.8817335020629 
22.30000000000005, 18.9, 0.21000000000000016, 831, -92.74823460208198 
22.30000000000005, 19.0, 0.21000000000000016, 832, -97.50766745086098 
22.30000000000005, 19.0, 0.21000000000000016, 833, -93.3970240688087 
22.400000000000052, 19.0, 0.21000000000000016, 834, -96.40879833301028 
22.400000000000052, 19.0, 0.21100000000000016, 835, -93.85250475266086 
22.400000000000052, 19.0, 0.21100000000000016, 836, -91.7760210570598 
22.400000000000052, 19.0, 0.21100000000000016, 837, -103.74081451193854 
22.400000000000052, 19.1, 0.21100000000000016, 838, -96.38874885902068 
22.400000000000052, 19.1, 0.21200000000000016, 839, -91.0514036153238 
22.400000000000052, 19.1, 0.21300000000000016, 840, -93.95083334896572 
22.400000000000052, 19.1, 0.21400000000000016, 841, -96.42730929620646 
22.500000000000053, 19.1, 0.21400000000000016, 842, -94.8329846545659 
22.500000000000053, 19.200000000000003, 0.21400000000000016, 843, -95.260134178188 
22.500000000000053, 19.200000000000003, 0.21400000000000016, 844, -95.08671753165603 
22.500000000000053, 19.300000000000004, 0.21400000000000016, 845, -92.66654910742216 
22.600000000000055, 19.300000000000004, 0.21400000000000016, 846, -100.58337175679186 
22.700000000000056, 19.300000000000004, 0.21400000000000016, 847, -95.5631382552577 
22.700000000000056, 19.300000000000004, 0.21400000000000016, 848, -96.96708289255639 
22.700000000000056, 19.400000000000006, 0.21400000000000016, 849, -93.98960777586247 
22.700000000000056, 19.500000000000007, 0.21400000000000016, 850, -95.58319514903664 
22.800000000000058, 19.500000000000007, 0.21400000000000016, 851, -93.91057611270116 
22.800000000000058, 19.500000000000007, 0.21500000000000016, 852, -99.19513141030299 
22.800000000000058, 19.500000000000007, 0.21600000000000016, 853, -98.63446113992582 
22.800000000000058, 19.500000000000007, 0.21600000000000016, 854, -96.9069057058591 
22.800000000000058, 19.500000000000007, 0.21600000000000016, 855, -90.21181124607666 
22.800000000000058, 19.60000000000001, 0.21600000000000016, 856, -93.78135820088676 
22.800000000000058, 19.60000000000001, 0.21700000000000016, 857, -95.45200990516932 
22.800000000000058, 19.70000000000001, 0.21700000000000016, 858, -98.8897123728478 
22.800000000000058, 19.70000000000001, 0.21800000000000017, 859, -99.26849006589465 
22.800000000000058, 19.80000000000001, 0.21800000000000017, 860, -97.46686600751842 
22.800000000000058, 19.80000000000001, 0.21900000000000017, 861, -98.09914435126626 
22.90000000000006, 19.80000000000001, 0.21900000000000017, 862, -96.0326070232595 
22.90000000000006, 19.80000000000001, 0.21900000000000017, 863, -93.99963129335971 
22.90000000000006, 19.80000000000001, 0.21900000000000017, 864, -94.27150763843437 
23.00000000000006, 19.80000000000001, 0.21900000000000017, 865, -93.0631556155692 
23.00000000000006, 19.80000000000001, 0.21900000000000017, 866, -98.35783914554268 
23.100000000000062, 19.80000000000001, 0.21900000000000017, 867, -98.07138832955879 
23.100000000000062, 19.80000000000001, 0.22000000000000017, 868, -96.4232114437189 
23.100000000000062, 19.80000000000001, 0.22100000000000017, 869, -94.33363896757606 
23.100000000000062, 19.900000000000013, 0.22100000000000017, 870, -93.44178479352215 
23.100000000000062, 19.900000000000013, 0.22200000000000017, 871, -97.2697780431817 
23.100000000000062, 20.000000000000014, 0.22200000000000017, 872, -95.78216833090792 
23.200000000000063, 20.000000000000014, 0.22200000000000017, 873, -96.45531573122638 
23.200000000000063, 20.000000000000014, 0.22300000000000017, 874, -92.67511057946199 
23.200000000000063, 20.100000000000016, 0.22300000000000017, 875, -87.85985719838368 
23.200000000000063, 20.100000000000016, 0.22300000000000017, 876, -98.55273346596333 
23.200000000000063, 20.100000000000016, 0.22300000000000017, 877, -112.08484033250295 
23.200000000000063, 20.100000000000016, 0.22300000000000017, 878, -99.08981485094733 
23.300000000000065, 20.100000000000016, 0.22300000000000017, 879, -93.9562304327258 
23.300000000000065, 20.100000000000016, 0.22300000000000017, 880, -95.74698068206335 
23.400000000000066, 20.100000000000016, 0.22300000000000017, 881, -100.0493516374692 
23.400000000000066, 20.100000000000016, 0.22400000000000017, 882, -98.20738382585772 
23.500000000000068, 20.100000000000016, 0.22400000000000017, 883, -92.5792075398753 
23.500000000000068, 20.100000000000016, 0.22500000000000017, 884, -94.80335966358389 
23.500000000000068, 20.100000000000016, 0.22500000000000017, 885, -96.06914382753217 
23.500000000000068, 20.200000000000017, 0.22500000000000017, 886, -97.12070742285837 
23.60000000000007, 20.200000000000017, 0.22500000000000017, 887, -97.5789435144342 
23.60000000000007, 20.30000000000002, 0.22500000000000017, 888, -102.72934426874015 
23.60000000000007, 20.30000000000002, 0.22600000000000017, 889, -93.722067921941 
23.60000000000007, 20.30000000000002, 0.22600000000000017, 890, -108.30406938777539 
23.70000000000007, 20.30000000000002, 0.22600000000000017, 891, -94.90830008985061 
23.70000000000007, 20.30000000000002, 0.22600000000000017, 892, -97.87010561715698 
23.80000000000007, 20.30000000000002, 0.22600000000000017, 893, -104.75542229279657 
23.80000000000007, 20.30000000000002, 0.22600000000000017, 894, -110.02621803019896 
23.80000000000007, 20.30000000000002, 0.22600000000000017, 895, -101.05376692793685 
23.80000000000007, 20.30000000000002, 0.22600000000000017, 896, -98.83941957638238 
23.80000000000007, 20.30000000000002, 0.22600000000000017, 897, -109.28000989617591 
23.80000000000007, 20.30000000000002, 0.22700000000000017, 898, -95.95940523217362 
23.80000000000007, 20.40000000000002, 0.22700000000000017, 899, -93.86587108702894 
23.80000000000007, 20.40000000000002, 0.22700000000000017, 900, -106.68273823667374 
23.80000000000007, 20.40000000000002, 0.22700000000000017, 901, -99.22013713303657 
23.80000000000007, 20.40000000000002, 0.22700000000000017, 902, -89.45559820396103 
23.80000000000007, 20.40000000000002, 0.22700000000000017, 903, -99.09404646418619 
23.80000000000007, 20.40000000000002, 0.22700000000000017, 904, -99.23746187676781 
23.80000000000007, 20.40000000000002, 0.22800000000000017, 905, -95.89124436040261 
23.80000000000007, 20.40000000000002, 0.22800000000000017, 906, -99.41645776180086 
23.80000000000007, 20.50000000000002, 0.22800000000000017, 907, -93.81719645844342 
23.80000000000007, 20.50000000000002, 0.22800000000000017, 908, -99.12865172763914 
23.900000000000073, 20.50000000000002, 0.22800000000000017, 909, -103.72982182868222 
23.900000000000073, 20.50000000000002, 0.22800000000000017, 910, -99.18732631270574 
24.000000000000075, 20.50000000000002, 0.22800000000000017, 911, -96.67628195281628 
24.100000000000076, 20.50000000000002, 0.22800000000000017, 912, -101.58792324516322 
24.100000000000076, 20.50000000000002, 0.22900000000000018, 913, -97.25877684232422 
24.100000000000076, 20.50000000000002, 0.22900000000000018, 914, -96.83048142780059 
24.100000000000076, 20.50000000000002, 0.23000000000000018, 915, -108.4943719228102 
24.100000000000076, 20.50000000000002, 0.23000000000000018, 916, -99.04681284539136 
24.100000000000076, 20.50000000000002, 0.23100000000000018, 917, -98.31556141122933 
24.100000000000076, 20.50000000000002, 0.23200000000000018, 918, -96.93422631096664 
24.100000000000076, 20.600000000000023, 0.23200000000000018, 919, -99.30514389832582 
24.100000000000076, 20.700000000000024, 0.23200000000000018, 920, -106.8490145422705 
24.100000000000076, 20.700000000000024, 0.23300000000000018, 921, -102.83296340185827 
24.200000000000077, 20.700000000000024, 0.23300000000000018, 922, -104.15537239768875 
24.200000000000077, 20.700000000000024, 0.23400000000000018, 923, -102.41005575081925 
24.200000000000077, 20.700000000000024, 0.23500000000000018, 924, -102.1633322077706 
24.200000000000077, 20.700000000000024, 0.23600000000000018, 925, -97.29063273485748 
24.200000000000077, 20.800000000000026, 0.23600000000000018, 926, -109.4378092294791 
24.200000000000077, 20.800000000000026, 0.23600000000000018, 927, -108.37514684458982 
24.200000000000077, 20.900000000000027, 0.23600000000000018, 928, -102.16742651666493 
24.200000000000077, 20.900000000000027, 0.23600000000000018, 929, -99.52983297285104 
24.200000000000077, 21.00000000000003, 0.23600000000000018, 930, -107.60441223190632 
24.200000000000077, 21.10000000000003, 0.23600000000000018, 931, -101.52009151618768 
24.200000000000077, 21.20000000000003, 0.23600000000000018, 932, -114.66847084019484 
24.30000000000008, 21.20000000000003, 0.23600000000000018, 933, -97.52219605627288 
24.30000000000008, 21.20000000000003, 0.23600000000000018, 934, -96.54802943053068 
24.30000000000008, 21.20000000000003, 0.23700000000000018, 935, -94.18848477817727 
24.40000000000008, 21.20000000000003, 0.23700000000000018, 936, -95.31362995436064 
24.40000000000008, 21.20000000000003, 0.23800000000000018, 937, -93.56478964504906 
24.40000000000008, 21.20000000000003, 0.23800000000000018, 938, -97.02463080994646 
24.40000000000008, 21.20000000000003, 0.23900000000000018, 939, -103.9066017921626 
24.40000000000008, 21.20000000000003, 0.23900000000000018, 940, -103.63461611135023 
24.40000000000008, 21.20000000000003, 0.24000000000000019, 941, -110.2971383412464 
24.40000000000008, 21.20000000000003, 0.24000000000000019, 942, -101.40065546512541 
24.40000000000008, 21.20000000000003, 0.2410000000000002, 943, -102.42926817755682 
24.50000000000008, 21.20000000000003, 0.2410000000000002, 944, -97.72789543171116 
24.50000000000008, 21.20000000000003, 0.2410000000000002, 945, -94.16701566308902 
24.50000000000008, 21.20000000000003, 0.2420000000000002, 946, -98.54040746622661 
24.600000000000083, 21.20000000000003, 0.2420000000000002, 947, -94.2064648740674 
24.700000000000085, 21.20000000000003, 0.2420000000000002, 948, -106.07450332918083 
24.700000000000085, 21.20000000000003, 0.2430000000000002, 949, -104.35854831208522 
24.700000000000085, 21.300000000000033, 0.2430000000000002, 950, -98.32602234079239 
24.800000000000086, 21.300000000000033, 0.2430000000000002, 951, -108.46613971769091 
24.800000000000086, 21.300000000000033, 0.2430000000000002, 952, -96.62384979523141 
24.900000000000087, 21.300000000000033, 0.2430000000000002, 953, -97.60335325921687 
24.900000000000087, 21.400000000000034, 0.2430000000000002, 954, -123.08468307461092 
24.900000000000087, 21.500000000000036, 0.2430000000000002, 955, -102.66261033140654 
24.900000000000087, 21.500000000000036, 0.2430000000000002, 956, -114.3645214361634 
25.00000000000009, 21.500000000000036, 0.2430000000000002, 957, -102.22005718270108 
25.00000000000009, 21.600000000000037, 0.2430000000000002, 958, -103.93173967113962 
25.00000000000009, 21.70000000000004, 0.2430000000000002, 959, -104.92515587823115 
25.00000000000009, 21.70000000000004, 0.2440000000000002, 960, -104.59028920096691 
25.00000000000009, 21.70000000000004, 0.2450000000000002, 961, -115.3753173272579 
25.00000000000009, 21.70000000000004, 0.2450000000000002, 962, -99.9468436019234 
25.00000000000009, 21.70000000000004, 0.2460000000000002, 963, -118.1002201383596 
25.00000000000009, 21.70000000000004, 0.2460000000000002, 964, -114.67499487474095 
25.00000000000009, 21.80000000000004, 0.2460000000000002, 965, -95.54322043571227 
25.00000000000009, 21.90000000000004, 0.2460000000000002, 966, -94.07553147690523 
25.00000000000009, 21.90000000000004, 0.2460000000000002, 967, -95.57288638525065 
25.00000000000009, 21.90000000000004, 0.2470000000000002, 968, -101.06105601873281 
25.10000000000009, 21.90000000000004, 0.2470000000000002, 969, -100.06860396090471 
25.10000000000009, 21.90000000000004, 0.2470000000000002, 970, -91.89559820754735 
25.20000000000009, 21.90000000000004, 0.2470000000000002, 971, -102.72796594982377 
25.20000000000009, 21.90000000000004, 0.2480000000000002, 972, -103.25681770238883 
25.300000000000093, 21.90000000000004, 0.2480000000000002, 973, -106.2902007468398 
25.400000000000095, 21.90000000000004, 0.2480000000000002, 974, -98.01237823165356 
25.400000000000095, 22.000000000000043, 0.2480000000000002, 975, -100.5149523517317 
25.500000000000096, 22.000000000000043, 0.2480000000000002, 976, -99.08647724801425 
25.600000000000097, 22.000000000000043, 0.2480000000000002, 977, -103.19955106925023 
25.7000000000001, 22.000000000000043, 0.2480000000000002, 978, -111.2382087469671 
25.7000000000001, 22.000000000000043, 0.2490000000000002, 979, -99.8329217734047 
25.7000000000001, 22.100000000000044, 0.2490000000000002, 980, -102.15245539758453 
25.7000000000001, 22.100000000000044, 0.2490000000000002, 981, -109.67787716908873 
25.7000000000001, 22.200000000000045, 0.2490000000000002, 982, -103.98608065629587 
25.8000000000001, 22.200000000000045, 0.2490000000000002, 983, -106.71133559329283 
25.8000000000001, 22.200000000000045, 0.25000000000000017, 984, -102.54410836919841 
25.8000000000001, 22.200000000000045, 0.25100000000000017, 985, -107.10205288568359 
25.8000000000001, 22.200000000000045, 0.25100000000000017, 986, -110.2026203186579 
25.8000000000001, 22.300000000000047, 0.25100000000000017, 987, -97.40613382228842 
25.9000000000001, 22.300000000000047, 0.25100000000000017, 988, -96.71047256530954 
26.000000000000103, 22.300000000000047, 0.25100000000000017, 989, -94.04401471980955 
26.100000000000104, 22.300000000000047, 0.25100000000000017, 990, -99.29942581548558 
26.100000000000104, 22.40000000000005, 0.25100000000000017, 991, -103.0894015348035 
26.100000000000104, 22.40000000000005, 0.25200000000000017, 992, -98.67400192798837 
26.100000000000104, 22.40000000000005, 0.25300000000000017, 993, -110.33824185687939 
26.100000000000104, 22.40000000000005, 0.25300000000000017, 994, -98.28689495288941 
26.100000000000104, 22.40000000000005, 0.25400000000000017, 995, -93.88065187997097 
26.200000000000106, 22.40000000000005, 0.25400000000000017, 996, -103.29326231619471 
26.300000000000107, 22.40000000000005, 0.25400000000000017, 997, -105.3765110140317 
26.300000000000107, 22.40000000000005, 0.25500000000000017, 998, -99.32255286441031 
26.300000000000107, 22.40000000000005, 0.25500000000000017, 999, -104.76810448053678 
