Kp, Ki, Kd, episode, score 
1.0, 0.5, 0.011, 0, -926.0397417487727 
1.0, 0.5, 0.011, 1, -173.94337382248264 
1.1, 0.5, 0.011, 2, -228.3566933122906 
1.1, 0.5, 0.012, 3, -127.64008086921592 
1.1, 0.5, 0.013000000000000001, 4, -211.77502273136832 
1.1, 0.5, 0.013000000000000001, 5, -133.07503061043607 
1.1, 0.5, 0.013000000000000001, 6, -46.41367838125674 
1.1, 0.6, 0.013000000000000001, 7, -148.66603758900732 
1.2000000000000002, 0.6, 0.013000000000000001, 8, -148.44899453790762 
1.3000000000000003, 0.6, 0.013000000000000001, 9, -143.926218301983 
1.3000000000000003, 0.6, 0.013000000000000001, 10, -40.9839438356804 
1.3000000000000003, 0.6, 0.013000000000000001, 11, -132.76670285731836 
1.3000000000000003, 0.6, 0.013000000000000001, 12, -144.44528147351463 
1.4000000000000004, 0.6, 0.013000000000000001, 13, -142.5768593901622 
1.5000000000000004, 0.6, 0.013000000000000001, 14, -117.7468381955061 
1.5000000000000004, 0.6, 0.013000000000000001, 15, -127.53013790915581 
1.5000000000000004, 0.6, 0.014000000000000002, 16, -120.8276136311876 
1.6000000000000005, 0.6, 0.014000000000000002, 17, -119.53303296397254 
1.6000000000000005, 0.6, 0.015000000000000003, 18, -130.6258440899916 
1.6000000000000005, 0.7, 0.015000000000000003, 19, -127.43240884481051 
1.6000000000000005, 0.7, 0.015000000000000003, 20, -132.15318710564296 
1.6000000000000005, 0.7, 0.016000000000000004, 21, -111.05614094168455 
1.6000000000000005, 0.7, 0.016000000000000004, 22, -122.60154404617221 
1.6000000000000005, 0.7, 0.017000000000000005, 23, -108.5768639947102 
1.6000000000000005, 0.7, 0.017000000000000005, 24, -133.15538299973338 
1.6000000000000005, 0.7, 0.017000000000000005, 25, -124.51801210950818 
1.6000000000000005, 0.7, 0.017000000000000005, 26, -114.90606418725481 
1.7000000000000006, 0.7, 0.017000000000000005, 27, -112.20405675605211 
1.8000000000000007, 0.7, 0.017000000000000005, 28, -144.86855409534664 
1.8000000000000007, 0.7, 0.018000000000000006, 29, -110.89265624692275 
1.9000000000000008, 0.7, 0.018000000000000006, 30, -123.12430960734481 
1.9000000000000008, 0.7999999999999999, 0.018000000000000006, 31, -29.495961206007284 
1.9000000000000008, 0.8999999999999999, 0.018000000000000006, 32, -94.07281110687636 
1.9000000000000008, 0.8999999999999999, 0.018000000000000006, 33, -132.8046290568652 
1.9000000000000008, 0.9999999999999999, 0.018000000000000006, 34, -126.43280874705857 
1.9000000000000008, 0.9999999999999999, 0.018000000000000006, 35, -121.62456285868431 
2.000000000000001, 0.9999999999999999, 0.018000000000000006, 36, -115.25968955003967 
2.100000000000001, 0.9999999999999999, 0.018000000000000006, 37, -113.99141873309469 
2.100000000000001, 1.0999999999999999, 0.018000000000000006, 38, -103.94093496474603 
2.100000000000001, 1.0999999999999999, 0.018000000000000006, 39, -129.1297573326334 
2.100000000000001, 1.2, 0.018000000000000006, 40, -137.26991089788592 
2.100000000000001, 1.2, 0.018000000000000006, 41, -119.93989940820208 
2.100000000000001, 1.2, 0.018000000000000006, 42, -122.70424252592827 
2.200000000000001, 1.2, 0.018000000000000006, 43, -123.4772169262757 
2.300000000000001, 1.2, 0.018000000000000006, 44, -84.49582912395303 
2.300000000000001, 1.2, 0.019000000000000006, 45, -74.91014107586876 
2.300000000000001, 1.2, 0.019000000000000006, 46, -102.6694556394233 
2.4000000000000012, 1.2, 0.019000000000000006, 47, -87.82717750965264 
2.4000000000000012, 1.2, 0.020000000000000007, 48, -104.43644037923161 
2.4000000000000012, 1.3, 0.020000000000000007, 49, -92.95578990542418 
2.4000000000000012, 1.3, 0.020000000000000007, 50, -92.89258153853845 
2.4000000000000012, 1.3, 0.021000000000000008, 51, -147.5827758082852 
2.4000000000000012, 1.3, 0.02200000000000001, 52, -88.31881506650684 
2.4000000000000012, 1.3, 0.02300000000000001, 53, -106.41602278106777 
2.4000000000000012, 1.3, 0.02400000000000001, 54, -96.88646580818663 
2.4000000000000012, 1.3, 0.025000000000000012, 55, -104.6121973790057 
2.4000000000000012, 1.3, 0.026000000000000013, 56, -133.10491926276737 
2.5000000000000013, 1.3, 0.026000000000000013, 57, -113.14507499753161 
2.5000000000000013, 1.3, 0.027000000000000014, 58, -113.4843285328747 
2.5000000000000013, 1.3, 0.027000000000000014, 59, -104.44267224322468 
2.5000000000000013, 1.3, 0.027000000000000014, 60, -98.73251822394518 
2.6000000000000014, 1.3, 0.027000000000000014, 61, -97.61067319311532 
2.6000000000000014, 1.3, 0.027000000000000014, 62, -96.6940479889603 
2.6000000000000014, 1.3, 0.027000000000000014, 63, -100.10834845990077 
2.6000000000000014, 1.3, 0.027000000000000014, 64, -99.14500762394471 
2.7000000000000015, 1.3, 0.027000000000000014, 65, -112.62691292139797 
2.7000000000000015, 1.3, 0.027000000000000014, 66, -91.74730679022201 
2.7000000000000015, 1.3, 0.028000000000000014, 67, -97.94954869881019 
2.7000000000000015, 1.3, 0.029000000000000015, 68, -87.18685626470972 
2.7000000000000015, 1.3, 0.030000000000000016, 69, -91.18900259623838 
2.8000000000000016, 1.3, 0.030000000000000016, 70, -96.2197453813636 
2.8000000000000016, 1.4000000000000001, 0.030000000000000016, 71, -107.7826683336295 
2.8000000000000016, 1.4000000000000001, 0.030000000000000016, 72, -96.06162883641795 
2.8000000000000016, 1.4000000000000001, 0.031000000000000017, 73, -91.77153231073228 
2.8000000000000016, 1.4000000000000001, 0.032000000000000015, 74, -95.61295006125006 
2.9000000000000017, 1.4000000000000001, 0.032000000000000015, 75, -120.50276765476232 
2.9000000000000017, 1.5000000000000002, 0.032000000000000015, 76, -95.8607357211376 
3.0000000000000018, 1.5000000000000002, 0.032000000000000015, 77, -71.78055374110906 
3.0000000000000018, 1.5000000000000002, 0.032000000000000015, 78, -94.06247329499149 
3.0000000000000018, 1.5000000000000002, 0.032000000000000015, 79, -85.01520575602838 
3.0000000000000018, 1.6000000000000003, 0.032000000000000015, 80, -96.17191378315468 
3.100000000000002, 1.6000000000000003, 0.032000000000000015, 81, -89.46028345519979 
3.100000000000002, 1.6000000000000003, 0.033000000000000015, 82, -124.06925879581628 
3.100000000000002, 1.6000000000000003, 0.034000000000000016, 83, -102.48614522079339 
3.100000000000002, 1.6000000000000003, 0.034000000000000016, 84, -92.924732394108 
3.100000000000002, 1.6000000000000003, 0.03500000000000002, 85, -103.42930520034524 
3.100000000000002, 1.6000000000000003, 0.03500000000000002, 86, -92.52115645710242 
3.100000000000002, 1.6000000000000003, 0.03600000000000002, 87, -89.52959855515856 
3.100000000000002, 1.6000000000000003, 0.03600000000000002, 88, -92.4002573732377 
3.100000000000002, 1.6000000000000003, 0.03700000000000002, 89, -90.38926806043068 
3.100000000000002, 1.6000000000000003, 0.03700000000000002, 90, -92.35303300165904 
3.100000000000002, 1.6000000000000003, 0.03800000000000002, 91, -93.01426989206087 
3.100000000000002, 1.6000000000000003, 0.03900000000000002, 92, -96.72295994325677 
3.100000000000002, 1.6000000000000003, 0.03900000000000002, 93, -103.5397893970645 
3.100000000000002, 1.6000000000000003, 0.03900000000000002, 94, -95.53522181152692 
3.100000000000002, 1.7000000000000004, 0.03900000000000002, 95, -107.42548574047397 
3.100000000000002, 1.7000000000000004, 0.04000000000000002, 96, -100.80796802170973 
3.100000000000002, 1.7000000000000004, 0.04100000000000002, 97, -93.64072801250184 
3.200000000000002, 1.7000000000000004, 0.04100000000000002, 98, -22.55954012382408 
3.300000000000002, 1.7000000000000004, 0.04100000000000002, 99, -94.79835259478413 
3.300000000000002, 1.7000000000000004, 0.04100000000000002, 100, -131.9174026015551 
3.300000000000002, 1.7000000000000004, 0.04100000000000002, 101, -143.42794198707998 
3.400000000000002, 1.7000000000000004, 0.04100000000000002, 102, -103.41795242584769 
3.500000000000002, 1.7000000000000004, 0.04100000000000002, 103, -96.83999645198801 
3.500000000000002, 1.7000000000000004, 0.04100000000000002, 104, -106.0099831683523 
3.500000000000002, 1.7000000000000004, 0.04100000000000002, 105, -96.44446475532351 
3.500000000000002, 1.8000000000000005, 0.04100000000000002, 106, -113.69398210384284 
3.500000000000002, 1.8000000000000005, 0.04100000000000002, 107, -108.85229082139338 
3.500000000000002, 1.8000000000000005, 0.04100000000000002, 108, -109.07947170346274 
3.6000000000000023, 1.8000000000000005, 0.04100000000000002, 109, -104.56851211502756 
3.6000000000000023, 1.8000000000000005, 0.04100000000000002, 110, -102.61128777709769 
3.6000000000000023, 1.9000000000000006, 0.04100000000000002, 111, -99.50334861980932 
3.7000000000000024, 1.9000000000000006, 0.04100000000000002, 112, -99.85028343256745 
3.7000000000000024, 1.9000000000000006, 0.04100000000000002, 113, -100.87478872803862 
3.7000000000000024, 1.9000000000000006, 0.04200000000000002, 114, -105.57235714802532 
3.8000000000000025, 1.9000000000000006, 0.04200000000000002, 115, -99.25963827172531 
3.9000000000000026, 1.9000000000000006, 0.04200000000000002, 116, -22.962051892723657 
4.000000000000003, 1.9000000000000006, 0.04200000000000002, 117, -93.01670511508817 
4.000000000000003, 1.9000000000000006, 0.04200000000000002, 118, -92.52625355043013 
4.000000000000003, 1.9000000000000006, 0.04200000000000002, 119, -95.12750504020809 
4.000000000000003, 1.9000000000000006, 0.04200000000000002, 120, -102.15708793576553 
4.000000000000003, 1.9000000000000006, 0.04200000000000002, 121, -111.46247710130889 
4.100000000000002, 1.9000000000000006, 0.04200000000000002, 122, -106.44253401389037 
4.100000000000002, 1.9000000000000006, 0.04200000000000002, 123, -91.29832932648625 
4.100000000000002, 1.9000000000000006, 0.04200000000000002, 124, -92.88738949110248 
4.200000000000002, 1.9000000000000006, 0.04200000000000002, 125, -97.4769092128469 
4.200000000000002, 1.9000000000000006, 0.04200000000000002, 126, -108.12128700975153 
4.200000000000002, 1.9000000000000006, 0.04200000000000002, 127, -105.34062557369792 
4.200000000000002, 1.9000000000000006, 0.04200000000000002, 128, -157.18012819128936 
4.200000000000002, 1.9000000000000006, 0.04200000000000002, 129, -26.486229938670135 
4.200000000000002, 1.9000000000000006, 0.04200000000000002, 130, -107.22134526729333 
4.200000000000002, 1.9000000000000006, 0.04200000000000002, 131, -109.26589377928761 
4.200000000000002, 1.9000000000000006, 0.04200000000000002, 132, -111.5348339916053 
4.300000000000002, 1.9000000000000006, 0.04200000000000002, 133, -107.04264307605669 
4.400000000000001, 1.9000000000000006, 0.04200000000000002, 134, -104.21052896978004 
4.400000000000001, 1.9000000000000006, 0.04200000000000002, 135, -113.12128157183382 
4.500000000000001, 1.9000000000000006, 0.04200000000000002, 136, -108.23163004289134 
4.500000000000001, 1.9000000000000006, 0.043000000000000024, 137, -106.60326419079621 
4.500000000000001, 2.0000000000000004, 0.043000000000000024, 138, -102.20116005185615 
4.500000000000001, 2.1000000000000005, 0.043000000000000024, 139, -119.44381589704885 
4.6000000000000005, 2.1000000000000005, 0.043000000000000024, 140, -116.29385391135787 
4.7, 2.1000000000000005, 0.043000000000000024, 141, -108.44288537800219 
4.8, 2.1000000000000005, 0.043000000000000024, 142, -118.76939141009984 
4.8, 2.1000000000000005, 0.043000000000000024, 143, -117.93955451512204 
4.8, 2.1000000000000005, 0.043000000000000024, 144, -112.06832291062942 
4.8, 2.1000000000000005, 0.043000000000000024, 145, -130.60943476468978 
4.8, 2.1000000000000005, 0.043000000000000024, 146, -28.07043611638645 
4.8, 2.1000000000000005, 0.043000000000000024, 147, -103.01998111220587 
4.8, 2.1000000000000005, 0.043000000000000024, 148, -109.86719920839985 
4.8999999999999995, 2.1000000000000005, 0.043000000000000024, 149, -115.33790749410483 
4.8999999999999995, 2.1000000000000005, 0.044000000000000025, 150, -29.529088153138943 
4.8999999999999995, 2.1000000000000005, 0.045000000000000026, 151, -89.3119032237019 
4.8999999999999995, 2.1000000000000005, 0.045000000000000026, 152, -112.71136836578364 
4.8999999999999995, 2.1000000000000005, 0.045000000000000026, 153, -112.90965628652843 
4.8999999999999995, 2.1000000000000005, 0.04600000000000003, 154, -121.78688124741667 
4.8999999999999995, 2.2000000000000006, 0.04600000000000003, 155, -118.87170665576969 
4.8999999999999995, 2.2000000000000006, 0.04600000000000003, 156, -128.00809921536546 
4.8999999999999995, 2.2000000000000006, 0.04600000000000003, 157, -117.16983729205512 
4.8999999999999995, 2.3000000000000007, 0.04600000000000003, 158, -125.46076815008473 
4.8999999999999995, 2.3000000000000007, 0.04700000000000003, 159, -118.39680645042714 
4.8999999999999995, 2.3000000000000007, 0.04700000000000003, 160, -127.52187963699012 
4.8999999999999995, 2.400000000000001, 0.04700000000000003, 161, -118.58075779538642 
4.999999999999999, 2.400000000000001, 0.04700000000000003, 162, -119.0742865715649 
4.999999999999999, 2.400000000000001, 0.04700000000000003, 163, -124.09155849455009 
4.999999999999999, 2.400000000000001, 0.04800000000000003, 164, -123.34140095703654 
4.999999999999999, 2.400000000000001, 0.04900000000000003, 165, -145.9343182161948 
4.999999999999999, 2.500000000000001, 0.04900000000000003, 166, -121.74380349115472 
4.999999999999999, 2.500000000000001, 0.05000000000000003, 167, -111.17111574124203 
4.999999999999999, 2.500000000000001, 0.05100000000000003, 168, -116.23463629811135 
4.999999999999999, 2.600000000000001, 0.05100000000000003, 169, -152.2169069536774 
4.999999999999999, 2.600000000000001, 0.05200000000000003, 170, -120.30070204826441 
4.999999999999999, 2.600000000000001, 0.05300000000000003, 171, -119.54009948017556 
4.999999999999999, 2.600000000000001, 0.05300000000000003, 172, -118.83512744113041 
4.999999999999999, 2.600000000000001, 0.054000000000000034, 173, -145.77441078672948 
4.999999999999999, 2.600000000000001, 0.054000000000000034, 174, -115.98766212903223 
4.999999999999999, 2.700000000000001, 0.054000000000000034, 175, -112.15052362428818 
4.999999999999999, 2.700000000000001, 0.054000000000000034, 176, -112.67742626135941 
4.999999999999999, 2.800000000000001, 0.054000000000000034, 177, -119.99257544994293 
4.999999999999999, 2.800000000000001, 0.055000000000000035, 178, -115.79188067069214 
4.999999999999999, 2.800000000000001, 0.055000000000000035, 179, -117.92670055318028 
4.999999999999999, 2.800000000000001, 0.056000000000000036, 180, -118.19373370231058 
4.999999999999999, 2.800000000000001, 0.05700000000000004, 181, -34.44849573628188 
4.999999999999999, 2.9000000000000012, 0.05700000000000004, 182, -101.35287110044601 
4.999999999999999, 2.9000000000000012, 0.05700000000000004, 183, -120.76753792228051 
5.099999999999999, 2.9000000000000012, 0.05700000000000004, 184, -119.03748928208957 
5.199999999999998, 2.9000000000000012, 0.05700000000000004, 185, -116.01507435411928 
5.199999999999998, 3.0000000000000013, 0.05700000000000004, 186, -27.365080742504624 
5.299999999999998, 3.0000000000000013, 0.05700000000000004, 187, -98.98206007203406 
5.299999999999998, 3.0000000000000013, 0.05700000000000004, 188, -117.30425783641378 
5.399999999999998, 3.0000000000000013, 0.05700000000000004, 189, -121.51799459537824 
5.499999999999997, 3.0000000000000013, 0.05700000000000004, 190, -116.07397689647675 
5.599999999999997, 3.0000000000000013, 0.05700000000000004, 191, -116.7028341034897 
5.599999999999997, 3.1000000000000014, 0.05700000000000004, 192, -106.396013625369 
5.599999999999997, 3.1000000000000014, 0.05800000000000004, 193, -115.91730504766417 
5.599999999999997, 3.1000000000000014, 0.05800000000000004, 194, -119.90458578069891 
5.699999999999997, 3.1000000000000014, 0.05800000000000004, 195, -110.35855574243466 
5.699999999999997, 3.2000000000000015, 0.05800000000000004, 196, -164.04244573803868 
5.699999999999997, 3.2000000000000015, 0.05900000000000004, 197, -120.49129620327382 
5.799999999999996, 3.2000000000000015, 0.05900000000000004, 198, -117.51513810803456 
5.799999999999996, 3.2000000000000015, 0.05900000000000004, 199, -141.89208683534193 
5.799999999999996, 3.2000000000000015, 0.06000000000000004, 200, -116.93543487623486 
5.799999999999996, 3.2000000000000015, 0.06100000000000004, 201, -147.96664655525692 
5.799999999999996, 3.2000000000000015, 0.06100000000000004, 202, -133.60097393970648 
5.799999999999996, 3.2000000000000015, 0.06100000000000004, 203, -124.27186765162196 
5.899999999999996, 3.2000000000000015, 0.06100000000000004, 204, -122.5546369449588 
5.899999999999996, 3.2000000000000015, 0.06100000000000004, 205, -125.75203555048184 
5.899999999999996, 3.3000000000000016, 0.06100000000000004, 206, -121.16201973053317 
5.899999999999996, 3.3000000000000016, 0.06100000000000004, 207, -124.18279431792057 
5.899999999999996, 3.3000000000000016, 0.06100000000000004, 208, -120.77398619348659 
5.899999999999996, 3.3000000000000016, 0.06100000000000004, 209, -111.4583019044948 
5.999999999999996, 3.3000000000000016, 0.06100000000000004, 210, -119.02391392957975 
5.999999999999996, 3.3000000000000016, 0.06200000000000004, 211, -177.72967106423823 
6.099999999999995, 3.3000000000000016, 0.06200000000000004, 212, -129.27150086199578 
6.099999999999995, 3.4000000000000017, 0.06200000000000004, 213, -100.61813201436378 
6.099999999999995, 3.5000000000000018, 0.06200000000000004, 214, -151.6745550311619 
6.199999999999995, 3.5000000000000018, 0.06200000000000004, 215, -128.29202427817117 
6.2999999999999945, 3.5000000000000018, 0.06200000000000004, 216, -118.1136201799557 
6.2999999999999945, 3.600000000000002, 0.06200000000000004, 217, -130.7736980483912 
6.399999999999994, 3.600000000000002, 0.06200000000000004, 218, -122.3243623937185 
6.399999999999994, 3.600000000000002, 0.06200000000000004, 219, -124.34900644603664 
6.399999999999994, 3.600000000000002, 0.06300000000000004, 220, -133.9990823046518 
6.399999999999994, 3.600000000000002, 0.06400000000000004, 221, -128.02970624597663 
6.499999999999994, 3.600000000000002, 0.06400000000000004, 222, -120.91703567693746 
6.499999999999994, 3.700000000000002, 0.06400000000000004, 223, -123.09894855379616 
6.599999999999993, 3.700000000000002, 0.06400000000000004, 224, -126.95718623905978 
6.599999999999993, 3.700000000000002, 0.06500000000000004, 225, -128.0522694245682 
6.599999999999993, 3.800000000000002, 0.06500000000000004, 226, -121.68923242793302 
6.699999999999993, 3.800000000000002, 0.06500000000000004, 227, -135.00512172175831 
6.699999999999993, 3.800000000000002, 0.06600000000000004, 228, -128.7814675335738 
6.699999999999993, 3.800000000000002, 0.06700000000000005, 229, -140.15438239989751 
6.699999999999993, 3.800000000000002, 0.06700000000000005, 230, -125.23405409045581 
6.699999999999993, 3.900000000000002, 0.06700000000000005, 231, -129.07450727641117 
6.699999999999993, 3.900000000000002, 0.06700000000000005, 232, -129.67330926708547 
6.699999999999993, 3.900000000000002, 0.06700000000000005, 233, -126.08560070022696 
6.699999999999993, 3.900000000000002, 0.06800000000000005, 234, -128.7766521266064 
6.699999999999993, 4.000000000000002, 0.06800000000000005, 235, -125.99277290617889 
6.699999999999993, 4.000000000000002, 0.06900000000000005, 236, -123.40874115849304 
6.799999999999993, 4.000000000000002, 0.06900000000000005, 237, -128.58195698416577 
6.799999999999993, 4.000000000000002, 0.06900000000000005, 238, -125.51449694489092 
6.799999999999993, 4.000000000000002, 0.06900000000000005, 239, -93.77907786370896 
6.799999999999993, 4.100000000000001, 0.06900000000000005, 240, -117.56637190850967 
6.799999999999993, 4.100000000000001, 0.07000000000000005, 241, -121.58680463449599 
6.899999999999992, 4.100000000000001, 0.07000000000000005, 242, -125.66737014522455 
6.899999999999992, 4.200000000000001, 0.07000000000000005, 243, -127.38433640143543 
6.899999999999992, 4.200000000000001, 0.07000000000000005, 244, -141.0106879845248 
6.899999999999992, 4.200000000000001, 0.07000000000000005, 245, -128.80523096974912 
6.999999999999992, 4.200000000000001, 0.07000000000000005, 246, -125.93582344974332 
7.099999999999992, 4.200000000000001, 0.07000000000000005, 247, -125.48455097450443 
7.099999999999992, 4.200000000000001, 0.07100000000000005, 248, -122.60303703918 
7.099999999999992, 4.200000000000001, 0.07100000000000005, 249, -126.0603532764056 
7.099999999999992, 4.200000000000001, 0.07100000000000005, 250, -128.02432769751073 
7.099999999999992, 4.200000000000001, 0.07100000000000005, 251, -137.8680436356228 
7.099999999999992, 4.200000000000001, 0.07100000000000005, 252, -129.0019154968902 
7.099999999999992, 4.300000000000001, 0.07100000000000005, 253, -130.97889131765774 
7.099999999999992, 4.300000000000001, 0.07200000000000005, 254, -113.91817745496452 
7.199999999999991, 4.300000000000001, 0.07200000000000005, 255, -143.0001326535655 
7.199999999999991, 4.4, 0.07200000000000005, 256, -38.91942852335363 
7.199999999999991, 4.4, 0.07300000000000005, 257, -41.69696592752119 
7.199999999999991, 4.4, 0.07300000000000005, 258, -33.94703437803625 
7.299999999999991, 4.4, 0.07300000000000005, 259, -99.60504176392463 
7.399999999999991, 4.4, 0.07300000000000005, 260, -128.65458241322543 
7.399999999999991, 4.5, 0.07300000000000005, 261, -37.50837042785388 
7.399999999999991, 4.6, 0.07300000000000005, 262, -29.827294150048647 
7.399999999999991, 4.6, 0.07300000000000005, 263, -31.727390072744587 
7.399999999999991, 4.6, 0.07400000000000005, 264, -33.81940416059467 
7.49999999999999, 4.6, 0.07400000000000005, 265, -125.47520873982084 
7.49999999999999, 4.6, 0.07400000000000005, 266, -111.67439968857951 
7.49999999999999, 4.699999999999999, 0.07400000000000005, 267, -123.7390833078493 
7.49999999999999, 4.699999999999999, 0.07400000000000005, 268, -149.35623336815974 
7.49999999999999, 4.699999999999999, 0.07500000000000005, 269, -145.2197521500432 
7.49999999999999, 4.799999999999999, 0.07500000000000005, 270, -124.66239288752911 
7.49999999999999, 4.799999999999999, 0.07500000000000005, 271, -148.321129820951 
7.59999999999999, 4.799999999999999, 0.07500000000000005, 272, -137.53173139797735 
7.59999999999999, 4.799999999999999, 0.07500000000000005, 273, -149.31059025312163 
7.59999999999999, 4.799999999999999, 0.07600000000000005, 274, -132.91624142064143 
7.59999999999999, 4.899999999999999, 0.07600000000000005, 275, -124.9981001075582 
7.59999999999999, 4.899999999999999, 0.07600000000000005, 276, -142.39319558464445 
7.6999999999999895, 4.899999999999999, 0.07600000000000005, 277, -166.8816498460194 
7.799999999999989, 4.899999999999999, 0.07600000000000005, 278, -125.67323438577168 
7.899999999999989, 4.899999999999999, 0.07600000000000005, 279, -117.9781364142921 
7.899999999999989, 4.899999999999999, 0.07600000000000005, 280, -101.21426290945358 
7.899999999999989, 4.899999999999999, 0.07700000000000005, 281, -126.09836659070464 
7.899999999999989, 4.899999999999999, 0.07800000000000006, 282, -70.48867437882559 
7.899999999999989, 4.999999999999998, 0.07800000000000006, 283, -31.949552461231335 
7.899999999999989, 5.099999999999998, 0.07800000000000006, 284, -72.9220270067392 
7.899999999999989, 5.099999999999998, 0.07900000000000006, 285, -94.15339563205538 
7.9999999999999885, 5.099999999999998, 0.07900000000000006, 286, -109.81626388438244 
7.9999999999999885, 5.099999999999998, 0.08000000000000006, 287, -144.86146658063203 
8.099999999999989, 5.099999999999998, 0.08000000000000006, 288, -121.41126256706195 
8.199999999999989, 5.099999999999998, 0.08000000000000006, 289, -126.32644268579803 
8.199999999999989, 5.099999999999998, 0.08100000000000006, 290, -136.62583141132427 
8.299999999999988, 5.099999999999998, 0.08100000000000006, 291, -133.019472249073 
8.299999999999988, 5.1999999999999975, 0.08100000000000006, 292, -156.59767540755368 
8.399999999999988, 5.1999999999999975, 0.08100000000000006, 293, -174.79723733498489 
8.399999999999988, 5.299999999999997, 0.08100000000000006, 294, -141.47768934862788 
8.499999999999988, 5.299999999999997, 0.08100000000000006, 295, -134.48793048663313 
8.499999999999988, 5.299999999999997, 0.08100000000000006, 296, -136.39746996605442 
8.499999999999988, 5.399999999999997, 0.08100000000000006, 297, -135.7151454851076 
8.499999999999988, 5.399999999999997, 0.08100000000000006, 298, -127.10367372351581 
8.499999999999988, 5.399999999999997, 0.08200000000000006, 299, -127.29809158613675 
8.499999999999988, 5.399999999999997, 0.08300000000000006, 300, -183.55813468541962 
8.499999999999988, 5.399999999999997, 0.08400000000000006, 301, -137.1442600767933 
8.599999999999987, 5.399999999999997, 0.08400000000000006, 302, -38.49527963731899 
8.599999999999987, 5.399999999999997, 0.08400000000000006, 303, -36.8505162188171 
8.599999999999987, 5.399999999999997, 0.08500000000000006, 304, -35.995629151215624 
8.599999999999987, 5.4999999999999964, 0.08500000000000006, 305, -117.8636523596985 
8.599999999999987, 5.599999999999996, 0.08500000000000006, 306, -128.96595161329617 
8.699999999999987, 5.599999999999996, 0.08500000000000006, 307, -113.15805694316494 
8.699999999999987, 5.599999999999996, 0.08500000000000006, 308, -35.665457819203056 
8.699999999999987, 5.599999999999996, 0.08600000000000006, 309, -45.542916281205756 
8.699999999999987, 5.699999999999996, 0.08600000000000006, 310, -40.528631409597665 
8.699999999999987, 5.799999999999995, 0.08600000000000006, 311, -147.93308801190426 
8.699999999999987, 5.799999999999995, 0.08700000000000006, 312, -158.65487258660744 
8.699999999999987, 5.799999999999995, 0.08700000000000006, 313, -139.06660667730142 
8.799999999999986, 5.799999999999995, 0.08700000000000006, 314, -152.77659743481055 
8.899999999999986, 5.799999999999995, 0.08700000000000006, 315, -61.05279591719349 
8.899999999999986, 5.799999999999995, 0.08700000000000006, 316, -133.2302318591232 
8.899999999999986, 5.799999999999995, 0.08700000000000006, 317, -140.61652840638394 
8.899999999999986, 5.799999999999995, 0.08800000000000006, 318, -39.05636864047206 
8.899999999999986, 5.799999999999995, 0.08900000000000007, 319, -125.85467755916666 
8.999999999999986, 5.799999999999995, 0.08900000000000007, 320, -138.65338872085692 
8.999999999999986, 5.899999999999995, 0.08900000000000007, 321, -130.721644041043 
8.999999999999986, 5.899999999999995, 0.09000000000000007, 322, -131.17790711829898 
8.999999999999986, 5.899999999999995, 0.09000000000000007, 323, -123.23104770144984 
9.099999999999985, 5.899999999999995, 0.09000000000000007, 324, -48.61090344767118 
9.099999999999985, 5.899999999999995, 0.09100000000000007, 325, -36.491594054122814 
9.199999999999985, 5.899999999999995, 0.09100000000000007, 326, -35.58355087350212 
9.199999999999985, 5.899999999999995, 0.09200000000000007, 327, -118.21643857511681 
9.199999999999985, 5.899999999999995, 0.09200000000000007, 328, -188.9468233229083 
9.299999999999985, 5.899999999999995, 0.09200000000000007, 329, -119.73392606305774 
9.399999999999984, 5.899999999999995, 0.09200000000000007, 330, -44.663485799712795 
9.399999999999984, 5.999999999999995, 0.09200000000000007, 331, -40.27446444684335 
9.399999999999984, 6.099999999999994, 0.09200000000000007, 332, -123.44332500629196 
9.399999999999984, 6.099999999999994, 0.09300000000000007, 333, -135.5715925296093 
9.399999999999984, 6.199999999999994, 0.09300000000000007, 334, -166.77443678860053 
9.399999999999984, 6.299999999999994, 0.09300000000000007, 335, -131.65858621922035 
9.499999999999984, 6.299999999999994, 0.09300000000000007, 336, -87.21817616657641 
9.499999999999984, 6.399999999999993, 0.09300000000000007, 337, -120.03935677307811 
9.499999999999984, 6.399999999999993, 0.09400000000000007, 338, -41.63762154208666 
9.499999999999984, 6.399999999999993, 0.09500000000000007, 339, -39.005844867014 
9.599999999999984, 6.399999999999993, 0.09500000000000007, 340, -39.03490377653442 
9.599999999999984, 6.499999999999993, 0.09500000000000007, 341, -119.7306636537979 
9.599999999999984, 6.499999999999993, 0.09500000000000007, 342, -126.57568923526044 
9.599999999999984, 6.499999999999993, 0.09600000000000007, 343, -39.112430683455 
9.699999999999983, 6.499999999999993, 0.09600000000000007, 344, -125.57723551101202 
9.799999999999983, 6.499999999999993, 0.09600000000000007, 345, -45.974598113255524 
9.899999999999983, 6.499999999999993, 0.09600000000000007, 346, -42.46932271942439 
9.899999999999983, 6.5999999999999925, 0.09600000000000007, 347, -43.97453036018847 
9.899999999999983, 6.699999999999992, 0.09600000000000007, 348, -113.61195971531747 
9.899999999999983, 6.699999999999992, 0.09700000000000007, 349, -143.60039989900108 
9.899999999999983, 6.699999999999992, 0.09700000000000007, 350, -137.29649176740946 
9.899999999999983, 6.699999999999992, 0.09700000000000007, 351, -133.1226754731943 
9.999999999999982, 6.699999999999992, 0.09700000000000007, 352, -130.07974446911356 
9.999999999999982, 6.699999999999992, 0.09700000000000007, 353, -121.1815462575373 
10.099999999999982, 6.699999999999992, 0.09700000000000007, 354, -141.51255904448482 
10.099999999999982, 6.699999999999992, 0.09800000000000007, 355, -122.61733691203749 
10.199999999999982, 6.699999999999992, 0.09800000000000007, 356, -64.35014614333468 
10.199999999999982, 6.699999999999992, 0.09900000000000007, 357, -141.5261616202898 
10.199999999999982, 6.699999999999992, 0.10000000000000007, 358, -39.68581938333534 
10.199999999999982, 6.799999999999992, 0.10000000000000007, 359, -75.13419023875448 
10.199999999999982, 6.799999999999992, 0.10100000000000008, 360, -37.40516902793458 
10.299999999999981, 6.799999999999992, 0.10100000000000008, 361, -40.1987431824656 
10.39999999999998, 6.799999999999992, 0.10100000000000008, 362, -42.369099686775144 
10.39999999999998, 6.799999999999992, 0.10200000000000008, 363, -39.18974337475271 
10.39999999999998, 6.799999999999992, 0.10300000000000008, 364, -126.82944852910622 
10.49999999999998, 6.799999999999992, 0.10300000000000008, 365, -125.95724572782514 
10.49999999999998, 6.8999999999999915, 0.10300000000000008, 366, -159.68568735666486 
10.49999999999998, 6.8999999999999915, 0.10400000000000008, 367, -116.94904492774857 
10.59999999999998, 6.8999999999999915, 0.10400000000000008, 368, -32.12268799162996 
10.59999999999998, 6.999999999999991, 0.10400000000000008, 369, -45.60839663352781 
10.69999999999998, 6.999999999999991, 0.10400000000000008, 370, -145.60925984906928 
10.69999999999998, 6.999999999999991, 0.10400000000000008, 371, -131.3100856155596 
10.79999999999998, 6.999999999999991, 0.10400000000000008, 372, -134.36802185060978 
10.899999999999979, 6.999999999999991, 0.10400000000000008, 373, -108.58086444728943 
10.899999999999979, 6.999999999999991, 0.10500000000000008, 374, -85.06111929214536 
10.899999999999979, 6.999999999999991, 0.10500000000000008, 375, -40.01060934031829 
10.999999999999979, 6.999999999999991, 0.10500000000000008, 376, -51.53334284708181 
11.099999999999978, 6.999999999999991, 0.10500000000000008, 377, -37.01334591127436 
11.099999999999978, 7.099999999999991, 0.10500000000000008, 378, -108.34235284454996 
11.199999999999978, 7.099999999999991, 0.10500000000000008, 379, -42.69742906146104 
11.199999999999978, 7.099999999999991, 0.10500000000000008, 380, -40.59957823345836 
11.199999999999978, 7.099999999999991, 0.10600000000000008, 381, -36.57303268316474 
11.199999999999978, 7.099999999999991, 0.10700000000000008, 382, -40.657057540686345 
11.199999999999978, 7.19999999999999, 0.10700000000000008, 383, -41.76270771714787 
11.299999999999978, 7.19999999999999, 0.10700000000000008, 384, -38.57507198867521 
11.299999999999978, 7.19999999999999, 0.10800000000000008, 385, -35.82771387110366 
11.399999999999977, 7.19999999999999, 0.10800000000000008, 386, -89.76855510268072 
11.499999999999977, 7.19999999999999, 0.10800000000000008, 387, -89.76377554355764 
11.499999999999977, 7.19999999999999, 0.10800000000000008, 388, -39.814246152032965 
11.599999999999977, 7.19999999999999, 0.10800000000000008, 389, -38.89862415068328 
11.599999999999977, 7.19999999999999, 0.10900000000000008, 390, -38.209395168075694 
11.699999999999976, 7.19999999999999, 0.10900000000000008, 391, -47.114176249544975 
11.799999999999976, 7.19999999999999, 0.10900000000000008, 392, -34.90676495264387 
11.799999999999976, 7.29999999999999, 0.10900000000000008, 393, -37.69518603536038 
11.799999999999976, 7.29999999999999, 0.10900000000000008, 394, -39.34216174779245 
11.799999999999976, 7.29999999999999, 0.10900000000000008, 395, -43.130332584323256 
11.799999999999976, 7.29999999999999, 0.11000000000000008, 396, -42.90675620030044 
11.799999999999976, 7.39999999999999, 0.11000000000000008, 397, -44.5212523585743 
11.899999999999975, 7.39999999999999, 0.11000000000000008, 398, -43.530348242016736 
11.899999999999975, 7.499999999999989, 0.11000000000000008, 399, -41.52634301782028 
11.999999999999975, 7.499999999999989, 0.11000000000000008, 400, -49.252055181350805 
11.999999999999975, 7.499999999999989, 0.11000000000000008, 401, -36.79412548415193 
11.999999999999975, 7.499999999999989, 0.11000000000000008, 402, -115.07522886215513 
11.999999999999975, 7.499999999999989, 0.11100000000000008, 403, -128.31699677839816 
11.999999999999975, 7.499999999999989, 0.11200000000000009, 404, -137.99510396312868 
11.999999999999975, 7.499999999999989, 0.11200000000000009, 405, -133.59630965778473 
12.099999999999975, 7.499999999999989, 0.11200000000000009, 406, -124.68348002334604 
12.099999999999975, 7.599999999999989, 0.11200000000000009, 407, -35.78728717260625 
12.099999999999975, 7.699999999999989, 0.11200000000000009, 408, -39.070207843533446 
12.199999999999974, 7.699999999999989, 0.11200000000000009, 409, -45.458909346878094 
12.199999999999974, 7.799999999999988, 0.11200000000000009, 410, -105.94106881748876 
12.199999999999974, 7.799999999999988, 0.11300000000000009, 411, -149.45267231796802 
12.199999999999974, 7.799999999999988, 0.11300000000000009, 412, -164.97095603998804 
12.199999999999974, 7.799999999999988, 0.11400000000000009, 413, -94.66071656532093 
12.299999999999974, 7.799999999999988, 0.11400000000000009, 414, -129.99638330757406 
12.299999999999974, 7.899999999999988, 0.11400000000000009, 415, -88.9213211699466 
12.299999999999974, 7.999999999999988, 0.11400000000000009, 416, -43.11364922583374 
12.299999999999974, 8.099999999999987, 0.11400000000000009, 417, -38.11632846541987 
12.299999999999974, 8.099999999999987, 0.11500000000000009, 418, -38.75280329564402 
12.299999999999974, 8.099999999999987, 0.11600000000000009, 419, -114.60728965590786 
12.299999999999974, 8.099999999999987, 0.11600000000000009, 420, -139.45420224138638 
12.299999999999974, 8.099999999999987, 0.11600000000000009, 421, -145.28973116833143 
12.299999999999974, 8.199999999999987, 0.11600000000000009, 422, -134.02153401698172 
12.299999999999974, 8.199999999999987, 0.11700000000000009, 423, -141.02605622950406 
12.399999999999974, 8.199999999999987, 0.11700000000000009, 424, -136.68899302878359 
12.399999999999974, 8.199999999999987, 0.11800000000000009, 425, -137.75980356292536 
12.399999999999974, 8.199999999999987, 0.11800000000000009, 426, -138.23971359806347 
12.399999999999974, 8.199999999999987, 0.11800000000000009, 427, -131.33849321537627 
12.399999999999974, 8.199999999999987, 0.11800000000000009, 428, -162.26226348179023 
12.399999999999974, 8.199999999999987, 0.11800000000000009, 429, -139.4824560877679 
12.399999999999974, 8.199999999999987, 0.11800000000000009, 430, -134.3291278063486 
12.399999999999974, 8.299999999999986, 0.11800000000000009, 431, -128.11670750883204 
12.399999999999974, 8.299999999999986, 0.11900000000000009, 432, -140.1105746858276 
12.399999999999974, 8.399999999999986, 0.11900000000000009, 433, -137.18712650384333 
12.399999999999974, 8.499999999999986, 0.11900000000000009, 434, -132.50273625005764 
12.499999999999973, 8.499999999999986, 0.11900000000000009, 435, -38.06293226484088 
12.499999999999973, 8.499999999999986, 0.11900000000000009, 436, -34.521960801685836 
12.499999999999973, 8.599999999999985, 0.11900000000000009, 437, -37.248100032805766 
12.499999999999973, 8.599999999999985, 0.11900000000000009, 438, -123.32587880591676 
12.499999999999973, 8.599999999999985, 0.11900000000000009, 439, -156.01223532667095 
12.499999999999973, 8.599999999999985, 0.11900000000000009, 440, -142.32023906120907 
12.499999999999973, 8.599999999999985, 0.11900000000000009, 441, -140.15375805820702 
12.499999999999973, 8.599999999999985, 0.11900000000000009, 442, -139.83898236615883 
12.499999999999973, 8.599999999999985, 0.11900000000000009, 443, -139.5358034454071 
12.499999999999973, 8.599999999999985, 0.12000000000000009, 444, -144.6364600827074 
12.599999999999973, 8.599999999999985, 0.12000000000000009, 445, -134.55383923470598 
12.599999999999973, 8.699999999999985, 0.12000000000000009, 446, -137.70682061541348 
12.599999999999973, 8.699999999999985, 0.1210000000000001, 447, -131.8149101925772 
12.599999999999973, 8.699999999999985, 0.1210000000000001, 448, -142.28874922980057 
12.599999999999973, 8.699999999999985, 0.1210000000000001, 449, -148.78000265784567 
12.599999999999973, 8.799999999999985, 0.1210000000000001, 450, -139.34939923327127 
12.599999999999973, 8.899999999999984, 0.1210000000000001, 451, -137.11348526548485 
12.599999999999973, 8.899999999999984, 0.1210000000000001, 452, -139.64382030385474 
12.699999999999973, 8.899999999999984, 0.1210000000000001, 453, -143.06837357791193 
12.699999999999973, 8.899999999999984, 0.1220000000000001, 454, -135.62289356040125 
12.699999999999973, 8.899999999999984, 0.1230000000000001, 455, -184.15972692246797 
12.699999999999973, 8.899999999999984, 0.1240000000000001, 456, -124.48275584572886 
12.799999999999972, 8.899999999999984, 0.1240000000000001, 457, -179.33072169704405 
12.799999999999972, 8.999999999999984, 0.1240000000000001, 458, -155.43628874528247 
12.799999999999972, 8.999999999999984, 0.12500000000000008, 459, -116.48067064239727 
12.799999999999972, 8.999999999999984, 0.12600000000000008, 460, -128.89123076011555 
12.799999999999972, 8.999999999999984, 0.12600000000000008, 461, -130.44636743218481 
12.799999999999972, 8.999999999999984, 0.12700000000000009, 462, -126.61274590149154 
12.799999999999972, 8.999999999999984, 0.12700000000000009, 463, -140.30033273848835 
12.899999999999972, 8.999999999999984, 0.12700000000000009, 464, -137.8688225756211 
12.899999999999972, 9.099999999999984, 0.12700000000000009, 465, -118.3198163617048 
12.899999999999972, 9.199999999999983, 0.12700000000000009, 466, -150.99695893768177 
12.899999999999972, 9.199999999999983, 0.12700000000000009, 467, -117.07833348904632 
12.999999999999972, 9.199999999999983, 0.12700000000000009, 468, -37.54787130912357 
12.999999999999972, 9.199999999999983, 0.12700000000000009, 469, -41.8566786076018 
12.999999999999972, 9.199999999999983, 0.12700000000000009, 470, -121.88770071553718 
12.999999999999972, 9.299999999999983, 0.12700000000000009, 471, -141.10464082911963 
12.999999999999972, 9.299999999999983, 0.12700000000000009, 472, -140.4004889413465 
13.099999999999971, 9.299999999999983, 0.12700000000000009, 473, -142.33056224813689 
13.099999999999971, 9.299999999999983, 0.12700000000000009, 474, -133.71484645424752 
13.099999999999971, 9.299999999999983, 0.12700000000000009, 475, -131.2976177858957 
13.099999999999971, 9.399999999999983, 0.12700000000000009, 476, -141.97312635210926 
13.099999999999971, 9.399999999999983, 0.12700000000000009, 477, -158.56802980203645 
13.099999999999971, 9.399999999999983, 0.12700000000000009, 478, -138.6444056530326 
13.099999999999971, 9.399999999999983, 0.12700000000000009, 479, -113.59009146391232 
13.099999999999971, 9.399999999999983, 0.12700000000000009, 480, -140.73387048441882 
13.099999999999971, 9.399999999999983, 0.12800000000000009, 481, -40.31799600360424 
13.19999999999997, 9.399999999999983, 0.12800000000000009, 482, -63.27139409878203 
13.19999999999997, 9.499999999999982, 0.12800000000000009, 483, -42.44305730771777 
13.19999999999997, 9.599999999999982, 0.12800000000000009, 484, -63.50386333909991 
13.29999999999997, 9.599999999999982, 0.12800000000000009, 485, -35.17377187283314 
13.29999999999997, 9.699999999999982, 0.12800000000000009, 486, -34.87043380253452 
13.29999999999997, 9.799999999999981, 0.12800000000000009, 487, -47.56316552698122 
13.29999999999997, 9.799999999999981, 0.1290000000000001, 488, -37.85448892845171 
13.29999999999997, 9.799999999999981, 0.1300000000000001, 489, -77.52887270020355 
13.29999999999997, 9.799999999999981, 0.1310000000000001, 490, -51.941072576878284 
13.39999999999997, 9.799999999999981, 0.1310000000000001, 491, -39.930704364961905 
13.49999999999997, 9.799999999999981, 0.1310000000000001, 492, -41.440196124176424 
13.49999999999997, 9.89999999999998, 0.1310000000000001, 493, -38.46153701608259 
13.59999999999997, 9.89999999999998, 0.1310000000000001, 494, -85.34611362480389 
13.59999999999997, 9.89999999999998, 0.1310000000000001, 495, -43.06943150485183 
13.699999999999969, 9.89999999999998, 0.1310000000000001, 496, -46.64238808250765 
13.799999999999969, 9.89999999999998, 0.1310000000000001, 497, -37.95496347427224 
13.799999999999969, 9.99999999999998, 0.1310000000000001, 498, -39.691613083166274 
13.899999999999968, 9.99999999999998, 0.1310000000000001, 499, -115.12419763786646 
13.899999999999968, 10.09999999999998, 0.1310000000000001, 500, -129.5685198186459 
13.999999999999968, 10.09999999999998, 0.1310000000000001, 501, -40.54362396002182 
13.999999999999968, 10.19999999999998, 0.1310000000000001, 502, -79.66223255878897 
13.999999999999968, 10.19999999999998, 0.1320000000000001, 503, -36.27294689111846 
13.999999999999968, 10.19999999999998, 0.1320000000000001, 504, -41.55361646080714 
14.099999999999968, 10.19999999999998, 0.1320000000000001, 505, -38.53243699076511 
14.099999999999968, 10.19999999999998, 0.1330000000000001, 506, -146.08244058852162 
14.099999999999968, 10.29999999999998, 0.1330000000000001, 507, -134.7620854583729 
14.099999999999968, 10.29999999999998, 0.1330000000000001, 508, -134.01087643582167 
14.099999999999968, 10.29999999999998, 0.1330000000000001, 509, -133.58569941166016 
14.099999999999968, 10.29999999999998, 0.1330000000000001, 510, -125.47900955830808 
14.099999999999968, 10.29999999999998, 0.1330000000000001, 511, -158.4048846655687 
14.099999999999968, 10.399999999999979, 0.1330000000000001, 512, -147.6978599103145 
14.099999999999968, 10.499999999999979, 0.1330000000000001, 513, -143.1470390145505 
14.099999999999968, 10.499999999999979, 0.1330000000000001, 514, -146.5856539946344 
14.099999999999968, 10.499999999999979, 0.1340000000000001, 515, -143.20011688597924 
14.099999999999968, 10.599999999999978, 0.1340000000000001, 516, -97.49460865522495 
14.099999999999968, 10.599999999999978, 0.1340000000000001, 517, -46.977091988964375 
14.199999999999967, 10.599999999999978, 0.1340000000000001, 518, -44.691230693201355 
